             7180.594938       -0.1247234856E-06    0.4033114390E-06    0.4393995131E-01     33.65727076        0.1932983364E-02   -0.1777100118       -0.5683946782E-01
            0.1431266298E-04   -0.5666291762E-02    0.7055567017-269
            0.1193094161E-01    0.8692219001E-09    0.8322891979E-01    0.3998000651E-01    0.7558915593E-10    -4050.982371       -0.1198080368         33.65727076    
            0.7950972441E-04    0.1337438384E-01     2.072946548    
            0.1110992563E-01    0.6053992778E-06   -0.2418548759E-01   -0.5683946782E-01   -0.1878115806E-09   -0.1814115203E-02    0.3998000651E-01     27294588.50    
           -0.8461777340E-05   -0.1907974902E-07    0.2121995792-313
            0.2758985885E-03    0.1125190856       -0.1198080368       -0.1203798817E-12     43269.26928       -0.2418548759E-01    -17.02511652        -27039345.93    
           -0.2045699199E-03    0.3968474330E-05    -1.981556654    
            0.2261978796       -0.1814115203E-02    0.1010960334E-02   -0.1137242717E-11    0.1125190856        0.4393995131E-01    -3076872.600        -217160760.4    
            0.5869272697E-06     0.000000000        0.5523861740-312
             43269.26928       -0.1777100118        0.7202975874E-12    0.2261978796        0.8322891979E-01    -36.68835099        -66558281.63         305044015.2    
           -0.1907974902E-07   -0.7256021500        0.5237759748-269
            -4050.982371       -0.3640205470E-01   -0.3414034985E-10    0.6053992778E-06   -0.3176040467E-01    -32323553.90         252206345.4       -0.2045699199E-03
           -0.2047838816E-04             nan        0.7055567017-269
            -66677.74348        0.1114419340E-11    0.2758985885E-03    0.4033114390E-06     23.70523461         102654020.7        -217160760.4        0.1337438384E-01
           -0.5608604197E-10    0.2121995790-313     2.074928284    
            -9839.114561       -0.5608604197E-10    0.8692219001E-09   -0.6488936781E-07     15449446.47        -66558281.63       -0.8461777340E-05    0.4133505704E-06
           -0.3414034985E-10    0.6619431153-269    0.1129962948-311
            0.4133505704E-06    0.1110992563E-01    0.1822577502E-08    0.5579177038E-04    -32323553.90        -27039345.93       -0.5666291762E-02    0.1114419340E-11
           -0.1137242717E-11    0.8919055005-312             nan    
           -0.2047838816E-04   -0.1247234856E-06    0.8814169295E-07     23.70523461        -3076872.600        0.7950972441E-04    -9839.114561        0.7202975874E-12
           -0.1878115806E-09    0.6612037190-269    0.8913787821+177
             7179.145712       -0.1246583780E-06    0.4033114447E-06    0.4393865400E-01     33.65633308        0.2124623104E-02   -0.1776452757       -0.5684115049E-01
            0.1109644117E-04   -0.6228852148E-02    0.7055567017-269
            0.1192663840E-01    0.8705308052E-09    0.8322285073E-01    0.3997922679E-01    0.7650129021E-10    -4045.739283       -0.1198084441         33.65633308    
            0.8876030232E-04    0.1469387620E-01     2.081817627    
            0.1110891866E-01    0.6051799051E-06   -0.2417524997E-01   -0.5684115049E-01   -0.2044335085E-09   -0.1803969293E-02    0.3997922679E-01     27293146.37    
           -0.3254475629E-05   -0.2094762687E-07    0.2121995792-313
            0.2760142843E-03    0.1124712015       -0.1198084441       -0.1187140482E-12     43258.95946       -0.2417524997E-01    -17.02426833        -27037075.84    
           -0.2216466722E-03    0.3965283926E-05    -1.981556654    
            0.2261597666       -0.1803969293E-02    0.1006751446E-02   -0.1254469575E-11    0.1124712015        0.4393865400E-01    -3076385.561        -217158758.1    
            0.5869149430E-06     0.000000000        0.5523861740-312
             43258.95946       -0.1776452757        0.7870704810E-12    0.2261597666        0.8322285073E-01    -36.68632129        -66558098.58         305041029.9    
           -0.2094762687E-07   -0.7249984741        0.5237759748-269
            -4045.739283       -0.3639036622E-01   -0.3750238152E-10    0.6051799051E-06   -0.3175836165E-01    -32321497.63         252203560.1       -0.2216466722E-03
           -0.2249270118E-04             nan        0.7055567017-269
            -66666.43128        0.1223214141E-11    0.2760142843E-03    0.4033114447E-06     23.70363792         102649860.3        -217158758.1        0.1469387620E-01
           -0.6159363971E-10    0.2121995790-313     2.083799362    
            -9838.964330       -0.6159363971E-10    0.8705308052E-09   -0.6488226176E-07     15448233.54        -66558098.58       -0.3254475629E-05    0.4531067201E-06
           -0.3750238152E-10    0.6619431153-269    0.1129962971-311
            0.4531067201E-06    0.1110891866E-01    0.1820166737E-08    0.5578917092E-04    -32321497.63        -27037075.84       -0.6228852148E-02    0.1223214141E-11
           -0.1254469575E-11    0.8919055005-312             nan    
           -0.2249270118E-04   -0.1246583780E-06    0.8815011903E-07     23.70363792        -3076385.561        0.8876030232E-04    -9838.964330        0.7870704810E-12
           -0.2044335085E-09    0.6612037190-269    0.3922400592E+76
             7178.979593       -0.1246611145E-06    0.4032692344E-06    0.4393647698E-01     33.65521132        0.2315407722E-02   -0.1776474867       -0.5683530480E-01
            0.8143227742E-05   -0.6782184614E-02    0.7055567017-269
            0.1192699996E-01    0.8505313101E-09    0.8320713666E-01    0.3998482695E-01    0.7787815693E-10    -4042.876621       -0.1197891431         33.65521132    
            0.9540017705E-04    0.1600013864E-01     2.090688705    
            0.1110833638E-01    0.6051979962E-06   -0.2416457748E-01   -0.5683530480E-01   -0.2214296542E-09   -0.1807241417E-02    0.3998482695E-01     27291495.58    
            0.4864261502E-05   -0.2280784098E-07    0.2121995792-313
            0.2753821301E-03    0.1124710699       -0.1197891431       -0.1161751966E-12     43254.06244       -0.2416457748E-01    -17.02231620        -27035439.45    
           -0.2379582607E-03    0.3962082806E-05    -1.981556654    
            0.2261498772       -0.1807241417E-02    0.1000378693E-02   -0.1365269656E-11    0.1124710699        0.4393647698E-01    -3075154.593        -217153202.7    
            0.5868977796E-06     0.000000000        0.5523861740-312
             43254.06244       -0.1776474867        0.8587717235E-12    0.2261498772        0.8320713666E-01    -36.68523165        -66558713.45         305035270.9    
           -0.2280784098E-07   -0.7248535156        0.5237759748-269
            -4042.876621       -0.3638035280E-01   -0.4085344360E-10    0.6051979962E-06   -0.3176214508E-01    -32319926.74         252197972.6       -0.2379582607E-03
           -0.2450325378E-04             nan        0.7055567017-269
            -66660.78429        0.1340089952E-11    0.2753821301E-03    0.4032692344E-06     23.70228973         102647120.4        -217153202.7        0.1600013864E-01
           -0.6710095119E-10    0.2121995790-313     2.092670441    
            -9839.535462       -0.6710095119E-10    0.8505313101E-09   -0.6491173050E-07     15447099.88        -66558713.45        0.4864261502E-05    0.4958916244E-06
           -0.4085344360E-10    0.6619431153-269    0.1129962994-311
            0.4958916244E-06    0.1110833638E-01    0.1827509404E-08    0.5578746920E-04    -32319926.74        -27035439.45       -0.6782184614E-02    0.1340089952E-11
           -0.1365269656E-11    0.8919055005-312             nan    
           -0.2450325378E-04   -0.1246611145E-06    0.8814955246E-07     23.70228973        -3075154.593        0.9540017705E-04    -9839.535462        0.8587717235E-12
           -0.2214296542E-09    0.6612037190-269   -0.5325320397+111
             7206.857545       -0.1354380463E-06    0.4450734872E-06    0.8926449655E-01     72.26550480        0.5448379417E-02   -0.3117821413       -0.1266564507    
           -0.3448107140E-04   -0.1448767389E-01    0.7055567017-269
            0.1161361441E-01   -0.1604672213E-08    0.1104167919        0.6395478752E-01    0.3028438854E-10    -16869.17149       -0.2057398429         72.26550480    
            0.1906317209E-03    0.3136283952E-01     2.099647522    
            0.1123003997E-01    0.6395470118E-06   -0.6425402300E-01   -0.1266564507        0.3760699576E-08   -0.2532583224E-01    0.6395478752E-01     48683849.37    
            0.5812996000E-04   -0.2703400592E-07    0.2121995792-313
            0.1980441052E-03    0.1376747642       -0.2057398429       -0.4827478913E-13     55076.93248       -0.6425402300E-01    -16.94813190        -5385771.977    
           -0.3936460099E-03    0.3959129845E-05    -1.981556654    
            0.2455268198       -0.2532583224E-01    0.1322572896       -0.6953654837E-11    0.1376747642        0.8926449655E-01     8149136.988        -494827223.8    
            0.5869031887E-06     0.000000000        0.5523861740-312
             55076.93248       -0.3117821413        0.8855299949E-12    0.2455268198        0.1104167919        -77.17109976        -189782745.7         605262403.2    
           -0.2703400592E-07   -0.7248535156        0.5237759748-269
            -16869.17149        0.1349345561       -0.3627325925E-10    0.6395470118E-06   -0.5306247715E-01    -67724216.27         597495480.8       -0.3936460099E-03
           -0.2293413733E-04             nan        0.7055567017-269
            -117854.3922        0.1401800891E-11    0.1980441052E-03    0.4450734872E-06     40.01640917         225736277.3        -494827223.8        0.3136283952E-01
           -0.6263096205E-10    0.2121995790-313     2.101629257    
             57559.43334       -0.6263096205E-10   -0.1604672213E-08   -0.9560574198E-07     28359947.38        -189782745.7        0.5812996000E-04    0.5250261057E-06
           -0.3627325925E-10    0.6619431153-269    0.1129963017-311
            0.5250261057E-06    0.1123003997E-01    0.2096278618E-08    0.7722963080E-04    -67724216.27        -5385771.977       -0.1448767389E-01    0.1401800891E-11
           -0.6953654837E-11    0.8919055005-312             nan    
           -0.2293413733E-04   -0.1354380463E-06    0.8811103940E-07     40.01640917         8149136.988        0.1906317209E-03     57559.43334        0.8855299949E-12
            0.3760699576E-08    0.6612037190-269    0.1330106798-244
             7178.643051       -0.1247023761E-06    0.4032329926E-06    0.4393163044E-01     33.65483161        0.2697466812E-02   -0.1776478094       -0.5683259188E-01
           -0.9420320068E-06   -0.7898790763E-02    0.7055567017-269
            0.1192669789E-01    0.8539059609E-09    0.8319317954E-01    0.3998180094E-01    0.7607037717E-10    -4037.596400       -0.1197774835         33.65483161    
            0.1110129057E-03    0.1861577589E-01     2.108518600    
            0.1110760715E-01    0.6051929753E-06   -0.2415454892E-01   -0.5683259188E-01   -0.2512287547E-09   -0.1788453750E-02    0.3998180094E-01     27289340.67    
            0.2232771287E-04   -0.2651057392E-07    0.2121995792-313
            0.2754720324E-03    0.1124583356       -0.1197774835       -0.1015139973E-12     43248.04602       -0.2415454892E-01    -17.02210033        -27031245.23    
           -0.2672061942E-03    0.3955756289E-05    -1.981556654    
            0.2261381720       -0.1788453750E-02    0.1000233133E-02   -0.1599038775E-11    0.1124583356        0.4393163044E-01    -3074647.479        -217153671.1    
            0.5868422330E-06     0.000000000        0.5523861740-312
             43248.04602       -0.1776478094        0.9976942312E-12    0.2261381720        0.8319317954E-01    -36.68342732        -66559164.88         305034866.8    
           -0.2651057392E-07   -0.7262430191        0.5237759748-269
            -4037.596400       -0.3638419551E-01   -0.4750750853E-10    0.6051929753E-06   -0.3175803833E-01    -32317002.78         252197557.7       -0.2672061942E-03
           -0.2849731646E-04             nan        0.7055567017-269
            -66657.49846        0.1568346101E-11    0.2754720324E-03    0.4032329926E-06     23.70103790         102641102.5        -217153671.1        0.1861577589E-01
           -0.7804236583E-10    0.2121995790-313     2.110500336    
            -9839.113868       -0.7804236583E-10    0.8539059609E-09   -0.6490303039E-07     15445542.58        -66559164.88        0.2232771287E-04    0.5791560529E-06
           -0.4750750853E-10    0.6619431153-269    0.1129963040-311
            0.5791560529E-06    0.1110760715E-01    0.1826234430E-08    0.5578721194E-04    -32317002.78        -27031245.23       -0.7898790763E-02    0.1568346101E-11
           -0.1599038775E-11    0.8919055005-312             nan    
           -0.2849731646E-04   -0.1247023761E-06    0.8814597873E-07     23.70103790        -3074647.479        0.1110129057E-03    -9839.113868        0.9976942312E-12
           -0.2512287547E-09    0.6612037190-269   -0.1720712333E+24
             7178.610662       -0.1246353561E-06    0.4032527946E-06    0.4393038202E-01     33.65425648        0.2886851693E-02   -0.1775950776       -0.5683486952E-01
           -0.6579232197E-05   -0.8455991476E-02    0.7055567017-269
            0.1192525535E-01    0.8662596079E-09    0.8318926184E-01    0.3997269616E-01    0.7344877893E-10    -4033.244855       -0.1197757189         33.65425648    
            0.1185059200E-03    0.1991438194E-01     2.117389679    
            0.1110829391E-01    0.6050575057E-06   -0.2414806986E-01   -0.5683486952E-01   -0.2674082224E-09   -0.1776163061E-02    0.3997269616E-01     27287913.12    
            0.3493620579E-04   -0.2834221622E-07    0.2121995792-313
            0.2759992902E-03    0.1124206471       -0.1197757189       -0.9104021842E-13     43241.08790       -0.2414806986E-01    -17.01957191        -27029267.78    
           -0.2833270860E-03    0.3952494872E-05    -1.981556654    
            0.2261247511       -0.1776163061E-02    0.9965683083E-03   -0.1719578963E-11    0.1124206471        0.4393038202E-01    -3073048.237        -217152595.4    
            0.5868128362E-06     0.000000000        0.5523861740-312
             43241.08790       -0.1775950776        0.1063623593E-11    0.2261247511        0.8318926184E-01    -36.68228037        -66561425.79         305034710.9    
           -0.2834221622E-07   -0.7245960236        0.5237759748-269
            -4033.244855       -0.3638305385E-01   -0.5083998309E-10    0.6050575057E-06   -0.3175143770E-01    -32315474.98         252196589.3       -0.2833270860E-03
           -0.3049156255E-04             nan        0.7055567017-269
            -66649.58740        0.1679904744E-11    0.2759992902E-03    0.4032527946E-06     23.69918846         102639329.7        -217152595.4        0.1991438194E-01
           -0.8348832551E-10    0.2121995790-313     2.119371414    
            -9840.075375       -0.8348832551E-10    0.8662596079E-09   -0.6487509398E-07     15444196.49        -66561425.79        0.3493620579E-04    0.6194996132E-06
           -0.5083998309E-10    0.6619431153-269    0.1129963063-311
            0.6194996132E-06    0.1110829391E-01    0.1823511954E-08    0.5578428245E-04    -32315474.98        -27029267.78       -0.8455991476E-02    0.1679904744E-11
           -0.1719578963E-11    0.8919055005-312             nan    
           -0.3049156255E-04   -0.1246353561E-06    0.8814605592E-07     23.69918846        -3073048.237        0.1185059200E-03    -9840.075375        0.1063623593E-11
           -0.2674082224E-09    0.6612037190-269    0.2756487279E-32
             7178.531356       -0.1246750583E-06    0.4031896237E-06    0.4393297578E-01     33.65390249        0.3076352186E-02   -0.1776362442       -0.5683427723E-01
           -0.1317591896E-04   -0.9013484074E-02    0.7055567017-269
            0.1192687298E-01    0.8435275977E-09    0.8317575997E-01    0.3998624377E-01    0.6961826344E-10    -4034.585731       -0.1197581444         33.65390249    
            0.1267064506E-03    0.2121363218E-01     2.063760757    
            0.1110704751E-01    0.6051753555E-06   -0.2414395881E-01   -0.5683427723E-01   -0.2823950312E-09   -0.1789934934E-02    0.3998624377E-01     27287175.52    
            0.4591048780E-04   -0.3017734508E-07    0.2121995792-313
            0.2752527345E-03    0.1124480778       -0.1197581444       -0.7840217871E-13     43241.90900       -0.2414395881E-01    -17.02020034        -27028533.91    
           -0.2953942672E-03    0.3949373862E-05    -1.981556654    
            0.2261269147       -0.1789934934E-02    0.9982094218E-03   -0.1832916908E-11    0.1124480778        0.4393297578E-01    -3073375.716        -217150047.5    
            0.5867688036E-06     0.000000000        0.5523861740-312
             43241.90900       -0.1776362442        0.1130182541E-11    0.2261269147        0.8317575997E-01    -36.68159341        -66559862.40         305032084.4    
           -0.3017734508E-07   -0.7250161171        0.5237759748-269
            -4034.585731       -0.3637091033E-01   -0.5413831567E-10    0.6051753555E-06   -0.3176084899E-01    -32314384.72         252193146.2       -0.2953942672E-03
           -0.3247588856E-04             nan        0.7055567017-269
            -66651.05644        0.1792723837E-11    0.2752527345E-03    0.4031896237E-06     23.69911811         102636312.8        -217150047.5        0.2121363218E-01
           -0.8893800851E-10    0.2121995790-313     2.065742493    
            -9837.958817       -0.8893800851E-10    0.8435275977E-09   -0.6491941373E-07     15443835.50        -66559862.40        0.4591048780E-04    0.6605741636E-06
           -0.5413831567E-10    0.6153787794-312    0.1129962924-311
            0.6605741636E-06    0.1110704751E-01    0.1831561581E-08    0.5578498821E-04    -32314384.72        -27028533.91       -0.9013484074E-02    0.1792723837E-11
           -0.1832916908E-11    0.2765267211-312             nan    
           -0.3247588856E-04   -0.1246750583E-06    0.8815281281E-07     23.69911811        -3073375.716        0.1267064506E-03    -9837.958817        0.1130182541E-11
           -0.2823950312E-09    0.6612037190-269    0.1196814443+301
             7178.333992       -0.1246460491E-06    0.4032279158E-06    0.4393282380E-01     33.65308519        0.3265990454E-02   -0.1775813040       -0.5683694967E-01
           -0.2030548359E-04   -0.9562191603E-02    0.7055567017-269
            0.1192393374E-01    0.8533159308E-09    0.8317903187E-01    0.3998175640E-01    0.6489187531E-10    -4031.842559       -0.1197658565         33.65308519    
            0.1346308959E-03    0.2250153059E-01     2.072631836    
            0.1110787577E-01    0.6050071312E-06   -0.2414167830E-01   -0.5683694967E-01   -0.2965615669E-09   -0.1777733384E-02    0.3998175640E-01     27285876.45    
            0.5856285945E-04   -0.3199692835E-07    0.2121995792-313
            0.2756292660E-03    0.1124079827       -0.1197658565       -0.6293660157E-13     43236.95276       -0.2414167830E-01    -17.01883762        -27026899.65    
           -0.3076386145E-03    0.3946167650E-05    -1.981556654    
            0.2261141637       -0.1777733384E-02    0.9965986065E-03   -0.1953840217E-11    0.1124079827        0.4393282380E-01    -3072479.552        -217147792.8    
            0.5867250501E-06     0.000000000        0.5523861740-312
             43236.95276       -0.1775813040        0.1195275311E-11    0.2261141637        0.8317903187E-01    -36.68035140        -66560755.58         305030092.0    
           -0.3199692835E-07   -0.7251381874        0.5237759748-269
            -4031.842559       -0.3636786100E-01   -0.5744388551E-10    0.6050071312E-06   -0.3175728669E-01    -32312945.57         252190907.2       -0.3076386145E-03
           -0.3445424718E-04             nan        0.7055567017-269
            -66645.90337        0.1904795362E-11    0.2756292660E-03    0.4032279158E-06     23.69784039         102633967.9        -217147792.8        0.2250153059E-01
           -0.9433714241E-10    0.2121995790-313     2.074613571    
            -9837.565450       -0.9433714241E-10    0.8533159308E-09   -0.6490214538E-07     15442836.24        -66560755.58        0.5856285945E-04    0.7008472473E-06
           -0.5744388551E-10    0.6619431153-269    0.1129962947-311
            0.7008472473E-06    0.1110787577E-01    0.1828316592E-08    0.5578313305E-04    -32312945.57        -27026899.65       -0.9562191603E-02    0.1904795362E-11
           -0.1953840217E-11    0.8919055005-312             nan    
           -0.3445424718E-04   -0.1246460491E-06    0.8815680692E-07     23.69784039        -3072479.552        0.1346308959E-03    -9837.565450        0.1195275311E-11
           -0.2965615669E-09    0.6612037190-269    0.3926728585-257
             7178.311700       -0.1246616506E-06    0.4031881832E-06    0.4392420045E-01     33.65432713        0.3456744859E-02   -0.1775986704       -0.5682876008E-01
           -0.2818377140E-04   -0.1011200818E-01    0.7055567017-269
            0.1192585017E-01    0.8679629557E-09    0.8316806770E-01    0.3996580207E-01    0.5904202215E-10    -4029.849499       -0.1197586179         33.65432713    
            0.1420915837E-03    0.2379017896E-01     2.081502914    
            0.1110710621E-01    0.6050756387E-06   -0.2413877120E-01   -0.5682876008E-01   -0.3084803577E-09   -0.1767788815E-02    0.3996580207E-01     27285826.99    
            0.7429788059E-04   -0.3380654808E-07    0.2121995792-313
            0.2760573414E-03    0.1124119339       -0.1197586179       -0.4508718217E-13     43233.78687       -0.2413877120E-01    -17.01797877        -27025595.29    
           -0.3209770021E-03    0.3942945765E-05    -1.981556654    
            0.2261098884       -0.1767788815E-02    0.1009544400E-02   -0.2078506440E-11    0.1124119339        0.4392420045E-01    -3071583.914        -217156007.3    
            0.5866770179E-06     0.000000000        0.5523861740-312
             43233.78687       -0.1775986704        0.1259679633E-11    0.2261098884        0.8316806770E-01    -36.68057164        -66564739.50         305040652.8    
           -0.3380654808E-07   -0.7254137993        0.5237759748-269
            -4029.849499       -0.3637176242E-01   -0.6072507184E-10    0.6050756387E-06   -0.3174561568E-01    -32312725.37         252200240.4       -0.3209770021E-03
           -0.3642716588E-04             nan        0.7055567017-269
            -66645.20503        0.2014465370E-11    0.2760573414E-03    0.4031881832E-06     23.69718000         102635573.3        -217156007.3        0.2379017896E-01
           -0.9975635519E-10    0.2121995790-313     2.083484650    
            -9833.963541       -0.9975635519E-10    0.8679629557E-09   -0.6486364639E-07     15442299.96        -66564739.50        0.7429788059E-04    0.7407173964E-06
           -0.6072507184E-10    0.6619431153-269    0.1129962970-311
            0.7407173964E-06    0.1110710621E-01    0.1823483764E-08    0.5578229207E-04    -32312725.37        -27025595.29       -0.1011200818E-01    0.2014465370E-11
           -0.2078506440E-11    0.8919055005-312             nan    
           -0.3642716588E-04   -0.1246616506E-06    0.8813953436E-07     23.69718000        -3071583.914        0.1420915837E-03    -9833.963541        0.1259679633E-11
           -0.3084803577E-09    0.6612037190-269   -0.6787688736+190
             7178.257876       -0.1246620031E-06    0.4031921017E-06    0.4392541575E-01     33.65411880        0.3646017010E-02   -0.1775677871       -0.5683289077E-01
           -0.3677442559E-04   -0.1066571359E-01    0.7055567017-269
            0.1192409124E-01    0.8617145293E-09    0.8316317897E-01    0.3997112576E-01    0.5235367009E-10    -4027.923966       -0.1197555760         33.65411880    
            0.1498486909E-03    0.2507569297E-01     2.090373993    
            0.1110748259E-01    0.6049819393E-06   -0.2413292294E-01   -0.5683289077E-01   -0.3210722491E-09   -0.1764134460E-02    0.3997112576E-01     27285035.57    
            0.9003342029E-04   -0.3560711430E-07    0.2121995792-313
            0.2758863659E-03    0.1123886727       -0.1197555760       -0.2524527613E-13     43229.38450       -0.2413292294E-01    -17.01668003        -27023991.87    
           -0.3325338795E-03    0.3939722985E-05    -1.981556654    
            0.2260996374       -0.1764134460E-02    0.1007248416E-02   -0.2198801331E-11    0.1123886727        0.4392541575E-01    -3070670.337        -217159015.9    
            0.5866237425E-06     0.000000000        0.5523861740-312
             43229.38450       -0.1775677871        0.1326703808E-11    0.2260996374        0.8316317897E-01    -36.67944974        -66567095.70         305045150.4    
           -0.3560711430E-07   -0.7263474464        0.5237759748-269
            -4027.923966       -0.3636192536E-01   -0.6400304669E-10    0.6049819393E-06   -0.3174789958E-01    -32311643.50         252203655.4       -0.3325338795E-03
           -0.3839162371E-04             nan        0.7055567017-269
            -66640.82858        0.2129316399E-11    0.2758863659E-03    0.4031921017E-06     23.69581380         102634730.3        -217159015.9        0.2507569297E-01
           -0.1051247474E-09    0.2121995790-313     2.092355728    
            -9832.224392       -0.1051247474E-09    0.8617145293E-09   -0.6487525780E-07     15441377.19        -66567095.70        0.9003342029E-04    0.7821391100E-06
           -0.6400304669E-10    0.6619431153-269    0.1129962993-311
            0.7821391100E-06    0.1110748259E-01    0.1825875644E-08    0.5578001889E-04    -32311643.50        -27023991.87       -0.1066571359E-01    0.2129316399E-11
           -0.2198801331E-11    0.8919055005-312             nan    
           -0.3839162371E-04   -0.1246620031E-06    0.8814449716E-07     23.69581380        -3070670.337        0.1498486909E-03    -9832.224392        0.1326703808E-11
           -0.3210722491E-09    0.6612037190-269   -0.9928174338+218
