           1 N1             1908.174437         80.17622945         0.000000000         0.000000000        1
           2 SIG1          0.3137199014E-02    0.5954196035E-03     0.000000000         0.000000000        2
           3 GAMMA         0.9464774504E-02    0.4813239228E-03     0.000000000         0.000000000        3
           4 M1             1.531653679        0.2968866668E-03     0.000000000         0.000000000        4
           5 PWR           0.5520515997        0.7469388890E-02     0.000000000         0.000000000        5
           6 A0             306266.6372         3930.578389         0.000000000         0.000000000        6
           7 A1            -689803.7325         10131.83205         0.000000000         0.000000000        7
           8 A2             751000.8940         15881.00581         0.000000000         0.000000000        8
           9 A3            -289246.2291         17465.50930         0.000000000         0.000000000        9
          10 N2             10.56901675         0.000000000         0.000000000         0.000000000        0
          11 SIG2          0.6600845036E-02    0.7661117867E-03     0.000000000         0.000000000       10
          12 M2             1.862050602        0.1992102992E-02     0.000000000         0.000000000       11
          13 undefined      0.000000000         0.000000000         0.000000000         0.000000000       -1
           1 N1             1907.904393         80.16849409         0.000000000         0.000000000        1
           2 SIG1          0.3137500785E-02    0.5952810390E-03     0.000000000         0.000000000        2
           3 GAMMA         0.9464025843E-02    0.4813012101E-03     0.000000000         0.000000000        3
           4 M1             1.531653491        0.2969008572E-03     0.000000000         0.000000000        4
           5 PWR           0.5520379809        0.7469214879E-02     0.000000000         0.000000000        5
           6 A0             306260.0883         3930.424092         0.000000000         0.000000000        6
           7 A1            -689811.4132         10131.62673         0.000000000         0.000000000        7
           8 A2             751009.5389         15880.91811         0.000000000         0.000000000        8
           9 A3            -289225.1110         17465.42384         0.000000000         0.000000000        9
          10 N2             11.62586682         0.000000000         0.000000000         0.000000000        0
          11 SIG2          0.6600555609E-02    0.7661037416E-03     0.000000000         0.000000000       10
          12 M2             1.862056326        0.1991302068E-02     0.000000000         0.000000000       11
          13 undefined      0.000000000         0.000000000         0.000000000         0.000000000       -1
           1 N1             1907.861470         80.16768009         0.000000000         0.000000000        1
           2 SIG1          0.3137573331E-02    0.5952831225E-03     0.000000000         0.000000000        2
           3 GAMMA         0.9463787341E-02    0.4813036112E-03     0.000000000         0.000000000        3
           4 M1             1.531653508        0.2968999031E-03     0.000000000         0.000000000        4
           5 PWR           0.5520212916        0.7469100963E-02     0.000000000         0.000000000        5
           6 A0             306252.1562         3930.279873         0.000000000         0.000000000        6
           7 A1            -689821.2893         10131.49152         0.000000000         0.000000000        7
           8 A2             751023.8521         15880.74219         0.000000000         0.000000000        8
           9 A3            -289199.8692         17465.25897         0.000000000         0.000000000        9
          10 N2             12.68274584         0.000000000         0.000000000         0.000000000        0
          11 SIG2          0.6600251893E-02    0.7660925398E-03     0.000000000         0.000000000       10
          12 M2             1.862062174        0.1990498130E-02     0.000000000         0.000000000       11
          13 undefined      0.000000000         0.000000000         0.000000000         0.000000000       -1
           1 N1             1907.861470         80.32318585         0.000000000         0.000000000        1
           2 SIG1          0.3137573331E-02    0.6029140887E-03     0.000000000         0.000000000        2
           3 GAMMA         0.9463787341E-02    0.4890132379E-03     0.000000000         0.000000000        3
           4 M1             1.531653508        0.2968350373E-03     0.000000000         0.000000000        4
           5 PWR           0.5520212916        0.8788039076E-02     0.000000000         0.000000000        5
           6 A0             306252.1562         5325.405841         0.000000000         0.000000000        6
           7 A1            -689821.2893         15024.52253         0.000000000         0.000000000        7
           8 A2             751023.8521         24443.72068         0.000000000         0.000000000        8
           9 A3            -289199.8692         24602.08128         0.000000000         0.000000000        9
          10 N2             13.73964133         0.000000000         0.000000000         0.000000000        0
          11 SIG2          0.6600251893E-02    0.7660960701E-03     0.000000000         0.000000000       10
          12 M2             1.862062174        0.1989756228E-02     0.000000000         0.000000000       11
          13 undefined      0.000000000         0.000000000         0.000000000         0.000000000       -1
           1 N1             1907.776906         80.16582676         0.000000000         0.000000000        1
           2 SIG1          0.3136878504E-02    0.5953452539E-03     0.000000000         0.000000000        2
           3 GAMMA         0.9463748328E-02    0.4813140776E-03     0.000000000         0.000000000        3
           4 M1             1.531653561        0.2968938846E-03     0.000000000         0.000000000        4
           5 PWR           0.5519928949        0.7469083741E-02     0.000000000         0.000000000        5
           6 A0             306234.9762         3930.081752         0.000000000         0.000000000        6
           7 A1            -689810.7385         10131.19452         0.000000000         0.000000000        7
           8 A2             751004.5275         15880.72913         0.000000000         0.000000000        8
           9 A3            -289141.3088         17465.24740         0.000000000         0.000000000        9
          10 N2             14.79653206         0.000000000         0.000000000         0.000000000        0
          11 SIG2          0.6599907622E-02    0.7660562858E-03     0.000000000         0.000000000       10
          12 M2             1.862070858        0.1988908316E-02     0.000000000         0.000000000       11
          13 undefined      0.000000000         0.000000000         0.000000000         0.000000000       -1
           1 N1             1907.774740         80.16578852         0.000000000         0.000000000        1
           2 SIG1          0.3137702149E-02    0.5952252896E-03     0.000000000         0.000000000        2
           3 GAMMA         0.9463434900E-02    0.4812978478E-03     0.000000000         0.000000000        3
           4 M1             1.531653605        0.2968940146E-03     0.000000000         0.000000000        4
           5 PWR           0.5519731926        0.7468887631E-02     0.000000000         0.000000000        5
           6 A0             306226.9413         3929.910494         0.000000000         0.000000000        6
           7 A1            -689830.6252         10131.10703         0.000000000         0.000000000        7
           8 A2             751030.9627         15880.69864         0.000000000         0.000000000        8
           9 A3            -289110.8097         17465.24294         0.000000000         0.000000000        9
          10 N2             15.85339900         0.000000000         0.000000000         0.000000000        0
          11 SIG2          0.6599716388E-02    0.7660370984E-03     0.000000000         0.000000000       10
          12 M2             1.862078075        0.1988088246E-02     0.000000000         0.000000000       11
          13 undefined      0.000000000         0.000000000         0.000000000         0.000000000       -1
           1 N1             1907.744956         80.16536756         0.000000000         0.000000000        1
           2 SIG1          0.3137492116E-02    0.5952944989E-03     0.000000000         0.000000000        2
           3 GAMMA         0.9463393373E-02    0.4813113526E-03     0.000000000         0.000000000        3
           4 M1             1.531653613        0.2969053937E-03     0.000000000         0.000000000        4
           5 PWR           0.5519666080        0.7468934878E-02     0.000000000         0.000000000        5
           6 A0             306224.7001         3929.864565         0.000000000         0.000000000        6
           7 A1            -689843.7914         10130.95814         0.000000000         0.000000000        7
           8 A2             751048.9049         15880.59023         0.000000000         0.000000000        8
           9 A3            -289101.4101         17465.16775         0.000000000         0.000000000        9
          10 N2             16.91028766         0.000000000         0.000000000         0.000000000        0
          11 SIG2          0.6599668043E-02    0.7660083574E-03     0.000000000         0.000000000       10
          12 M2             1.862081068        0.1987303163E-02     0.000000000         0.000000000       11
          13 undefined      0.000000000         0.000000000         0.000000000         0.000000000       -1
           1 N1             1907.717112         80.16429677         0.000000000         0.000000000        1
           2 SIG1          0.3137430986E-02    0.5952268195E-03     0.000000000         0.000000000        2
           3 GAMMA         0.9463328608E-02    0.4812996274E-03     0.000000000         0.000000000        3
           4 M1             1.531653639        0.2969121199E-03     0.000000000         0.000000000        4
           5 PWR           0.5519544142        0.7468810685E-02     0.000000000         0.000000000        5
           6 A0             306219.7195         3929.737426         0.000000000         0.000000000        6
           7 A1            -689862.1260         10130.84241         0.000000000         0.000000000        7
           8 A2             751074.6518         15880.51974         0.000000000         0.000000000        8
           9 A3            -289083.6503         17465.11071         0.000000000         0.000000000        9
          10 N2             17.96717364         0.000000000         0.000000000         0.000000000        0
          11 SIG2          0.6599614175E-02    0.7659797974E-03     0.000000000         0.000000000       10
          12 M2             1.862086436        0.1986496325E-02     0.000000000         0.000000000       11
          13 undefined      0.000000000         0.000000000         0.000000000         0.000000000       -1
           1 N1             1907.686677         80.16418650         0.000000000         0.000000000        1
           2 SIG1          0.3137293177E-02    0.5952747843E-03     0.000000000         0.000000000        2
           3 GAMMA         0.9463302187E-02    0.4813019004E-03     0.000000000         0.000000000        3
           4 M1             1.531653682        0.2968830314E-03     0.000000000         0.000000000        4
           5 PWR           0.5519417160        0.7468754385E-02     0.000000000         0.000000000        5
           6 A0             306215.0782         3929.669192         0.000000000         0.000000000        6
           7 A1            -689885.3230         10130.92164         0.000000000         0.000000000        7
           8 A2             751107.7770         15880.81359         0.000000000         0.000000000        8
           9 A3            -289067.0235         17465.41304         0.000000000         0.000000000        9
          10 N2             19.02406283         0.000000000         0.000000000         0.000000000        0
          11 SIG2          0.6599604730E-02    0.7659484434E-03     0.000000000         0.000000000       10
          12 M2             1.862092087        0.1985685213E-02     0.000000000         0.000000000       11
          13 undefined      0.000000000         0.000000000         0.000000000         0.000000000       -1
           1 N1             1907.682514         80.16374266         0.000000000         0.000000000        1
           2 SIG1          0.3136826397E-02    0.5952739272E-03     0.000000000         0.000000000        2
           3 GAMMA         0.9463609484E-02    0.4812951465E-03     0.000000000         0.000000000        3
           4 M1             1.531653706        0.2968913895E-03     0.000000000         0.000000000        4
           5 PWR           0.5519328463        0.7468602204E-02     0.000000000         0.000000000        5
           6 A0             306213.5650         3929.551780         0.000000000         0.000000000        6
           7 A1            -689923.1222         10130.88004         0.000000000         0.000000000        7
           8 A2             751161.5818         15880.92111         0.000000000         0.000000000        8
           9 A3            -289058.1442         17465.54180         0.000000000         0.000000000        9
          10 N2             20.08099111         0.000000000         0.000000000         0.000000000        0
          11 SIG2          0.6599661456E-02    0.7659136652E-03     0.000000000         0.000000000       10
          12 M2             1.862097634        0.1984873544E-02     0.000000000         0.000000000       11
          13 undefined      0.000000000         0.000000000         0.000000000         0.000000000       -1
