15 1 364 1.680698276 0.003264125902
53 1 1934 1.696501255 0.002675249474
99 1 3365 1.697438955 0.004351331387
113 1 4043 1.695962548 0.002470951993
117 1 4250 1.700019598 0.002516659908
143 1 5426 1.697060466 0.001179498853
152 1 5730 1.693896294 0.001074778615
170 1 6477 1.686818719 0.002092238516
230 1 8246 1.693389773 0.001969997538
253 1 9237 1.703694582 0.001418549684
273 1 9522 1.695713401 0.003967204131
290 1 340 1.699630618 0.001798043493
306 1 1119 1.700619698 0.001232150826
342 1 3006 1.69396615 0.002401353326
345 1 3232 1.693771362 0.001994187245
359 1 3751 1.69441092 0.001547419932
361 1 3788 1.691730142 0.001847240841
387 1 4633 1.701987982 0.002368033631
418 1 5924 1.693204165 0.001331457635
439 1 6188 1.692863226 0.003520980477
529 1 9397 1.701607943 0.001960087102
543 1 192 1.704075217 0.004154973198
556 1 761 1.700892329 0.003356137313
568 1 1230 1.688356638 0.001967299962
583 1 1948 1.690157413 0.003118809545
661 1 4764 1.699200392 0.003783400171
696 1 6268 1.697167754 0.001519996091
817 1 1678 1.696570396 0.001208691392
892 1 4456 1.690182805 0.001278583077
919 1 5304 1.695166826 0.004407015629
924 1 5492 1.689380288 0.00159198069
947 1 6135 1.702300072 0.003683599178
993 1 7670 1.709016919 0.006237468217
1017 1 8574 1.691297412 0.002843849361
1059 1 490 1.696789503 0.00303060282
1093 1 1748 1.678281307 0.003728627693
1133 1 2957 1.671540499 0.003913180903
1158 1 3800 1.692063689 0.002911040792
1186 1 4813 1.698278427 0.002509247744
1190 1 5066 1.678034306 0.001946595265
1206 1 5728 1.69664371 0.002227522898
1251 1 7443 1.695026159 0.001440215041
1266 1 8077 1.69582212 0.00308547914
1317 1 135 1.69605124 0.001335781068
1349 1 1605 1.702118993 0.001653592335
1424 1 3953 1.702269435 0.003264127532
1438 1 4259 1.698850989 0.001919327304
1482 1 5842 1.694436312 0.002746965736
1544 1 8696 1.693725109 0.002211339073
1547 1 8807 1.698709488 0.003788083093
1602 1 553 1.706225276 0.002344339155
1657 1 2872 1.696437359 0.005480479449
1732 1 5970 1.694648385 0.001273401314
1809 1 9530 1.703005791 0.001388033619
1829 1 226 1.698957562 0.001934955129
1867 1 1727 1.694727898 0.002748930361
1884 1 2285 1.696921349 0.001314329449
1889 1 2457 1.698459983 0.002840970876
2041 1 8395 1.705520749 0.002969551133
2117 1 1089 1.696605802 0.002129320288
2253 1 6216 1.692121267 0.001425722381
2280 1 6820 1.696596146 0.002854853868
2300 1 7458 1.697869897 0.001865757513
2365 1 9782 1.699261904 0.001431225799
2436 1 2599 1.698343039 0.001663896139
2496 1 4640 1.697063208 0.003792795585
2504 1 5034 1.698300362 0.003042270895
2515 1 5449 1.702435017 0.003263971303
2603 1 7968 1.697024226 0.001465353416
2605 1 7986 1.700341344 0.001776514109
2606 1 8082 1.688107252 0.002577162813
2639 1 9216 1.705549598 0.002127866261
2679 1 854 1.693284035 0.002436262323
2701 1 1422 1.697098851 0.001771784155
2708 1 2037 1.693528771 0.001699220971
2714 1 2270 1.699483871 0.001648354577
2764 1 4598 1.698070049 0.001536763157
2781 1 5772 1.693631649 0.001149612246
2804 1 6577 1.699705005 0.001860350952
2870 1 9913 1.706834555 0.002600436099
2904 1 1164 1.701099277 0.002355021425
2917 1 1546 1.705485225 0.002146177925
2933 1 2061 1.711889863 0.002594970167
2936 1 2141 1.705508709 0.003830921603
2939 1 2227 1.688311934 0.001932020998
2943 1 2349 1.698975325 0.002134118229
2959 1 2780 1.690213203 0.003434378421
2971 1 3183 1.698843837 0.002067036228
2986 1 3714 1.718700409 0.001985891024
3049 1 6162 1.694330931 0.002003971487
3056 1 6407 1.699686885 0.002723160433
3124 1 9207 1.695640087 0.00388392061
3155 1 369 1.696151257 0.002901213942
3157 1 567 1.696924686 0.002402879763
3164 1 736 1.698140979 0.001823927159
3212 1 2285 1.69454205 0.003493232187
3356 1 8007 1.6972121 0.00152805238
3357 1 8069 1.708465338 0.003371065948
3412 1 116 1.692008138 0.003684075316
3437 1 1041 1.692487359 0.002933311975
3445 1 1373 1.695051789 0.00321339746
3461 1 2166 1.662197232 0.00191582297
3510 1 4207 1.681927323 0.003156405641
3549 1 6065 1.700610995 0.003914786503
3559 1 6533 1.702258348 0.007101013325
3613 1 8562 1.699982166 0.002719443059
3665 1 730 1.706133127 0.004850721918
3686 1 1480 1.689749599 0.003781530773
3688 1 1585 1.70072794 0.00460740272
3707 1 2578 1.695807934 0.002936301287
3898 1 9986 1.688501835 0.002432244597
4038 1 5969 1.699494481 0.004502108321
4058 1 6820 1.691322803 0.004066149704
4075 1 7742 1.684352994 0.001303432859
4110 1 8835 1.691916347 0.001177683123
4140 1 97 1.696000218 0.001455360441
4143 1 219 1.700250745 0.002228123369
4197 1 2063 1.695920467 0.007363941055
4201 1 2128 1.697950363 0.001632675412
4248 1 3629 1.700353503 0.0033638475
4262 1 4249 1.691505432 0.001446181559
4277 1 4778 1.709583163 0.003620179836
4301 1 5579 1.712940335 0.002254937543
4386 1 8799 1.699133873 0.002249794547
4416 1 9781 1.689255953 0.001214577933
4445 1 1074 1.693948865 0.002949203365
4449 1 1166 1.693108082 0.005037876777
4467 1 1898 1.699476838 0.003010552377
4488 1 2705 1.683093905 0.004057437181
4522 1 4006 1.692740202 0.002874916652
4573 1 5402 1.694691777 0.001439689077
4581 1 5684 1.694584727 0.002505186712
4623 1 7179 1.693195701 0.00235428405
4630 1 7293 1.691024899 0.00213209074
4662 1 8577 1.706079841 0.003463879693
4683 1 9040 1.691202283 0.001449617557
4688 1 9154 1.688893557 0.001174951089
4791 1 3312 1.698103309 0.002287055133
4839 1 4779 1.718122602 0.004199298564
4868 1 6077 1.68667841 0.001431515906
4871 1 6165 1.696881413 0.002124340506
4931 1 8801 1.701205015 0.003964886069
4939 1 9041 1.712849498 0.002269770252
4971 1 233 1.69703126 0.003376154462
5157 1 6902 1.698572755 0.001264733146
5167 1 7152 1.708504081 0.002925983397
5185 1 7738 1.692117333 0.00524720503
5187 1 7902 1.696406126 0.001527990447
5190 1 8082 1.697603703 0.001862452482
5251 1 9784 1.702035069 0.001370427664
5279 1 893 1.70311141 0.001729863929
5299 1 1593 1.701054454 0.002847288502
5409 1 4922 1.70757699 0.001629627193
5459 1 6919 1.691509128 0.007826762274
5490 1 8128 1.686743379 0.001924050972
5592 1 2623 1.70144546 0.002869762015
5636 1 4389 1.694342375 0.002293075435
5659 1 5207 1.69770968 0.001193968696
5760 1 8358 1.697020888 0.001459541149
5782 1 9195 1.704734325 0.002916156547
5802 1 9889 1.694232583 0.00205493276
5806 1 119 1.698317885 0.001678821631
5840 1 1368 1.692874789 0.002545743249
5912 1 3825 1.684615016 0.001358292298
5924 1 4324 1.690670967 0.00304180081
5964 1 5550 1.694551349 0.001127893338
6013 1 7439 1.686712146 0.004632414784
6023 1 7586 1.684865832 0.002261618851
6106 1 209 1.707771659 0.002770096762
6107 1 261 1.700618625 0.004592751153
6112 1 431 1.706419587 0.002305726521
6152 1 2190 1.693221927 0.001816885546
6162 1 2698 1.694335461 0.001293412759
6228 1 5453 1.69440484 0.001557407435
6264 1 6727 1.698750138 0.002724218881
6308 1 8083 1.696051121 0.004156964365
6336 1 8856 1.6973629 0.002524438314
6369 1 67 1.701543689 0.001645151759
6426 1 1873 1.699605823 0.002028123941
6446 1 2655 1.695995092 0.001076662214
6492 1 4029 1.702110291 0.002705738414
6511 1 4878 1.702129006 0.003030019347
6546 1 6079 1.697351694 0.003757379949
6580 1 7016 1.69782877 0.001312143635
6604 1 7714 1.686211348 0.002604693873
6688 1 938 1.69580543 0.00191183039
6704 1 1287 1.687636256 0.003416013205
6741 1 3051 1.697828531 0.002387489658
6816 1 6648 1.698183656 0.002139211399
6882 1 9122 1.690439939 0.002241835697
6909 1 165 1.692854643 0.001796517754
6944 1 1924 1.698953152 0.001676190761
6989 1 3678 1.688523293 0.002632291522
7082 1 6920 1.698589206 0.002684405772
7098 1 7359 1.706040502 0.004722131882
7122 1 8311 1.690495491 0.002363286912
7129 1 8444 1.685946345 0.001831016853
7151 1 9202 1.694910526 0.002127922373
7155 1 9408 1.700037003 0.001930644503
7172 1 151 1.684740067 0.002282602945
7182 1 649 1.702284813 0.002412408125
7187 1 785 1.698803544 0.001814184943
7221 1 2329 1.692936778 0.001078083995
7264 1 4094 1.698441148 0.002684138017
7300 1 5323 1.722691417 0.003977471497
7306 1 5668 1.701098204 0.002765307669
7366 1 7910 1.697757006 0.001267990563
7455 1 1045 1.695022702 0.001634294051
7478 1 1718 1.693513751 0.001843924052
7537 1 3818 1.686916471 0.002371168928
7598 1 5848 1.694555163 0.002603467787
7600 1 5949 1.692017794 0.00148579292
7602 1 5999 1.692838669 0.002900544321
7716 1 689 1.696320653 0.003369757673
7793 1 3723 1.702618837 0.005008985754
7795 1 3867 1.698850513 0.002369624563
7875 1 6693 1.699170351 0.002031394048
7911 1 7872 1.701308489 0.002301783999
7969 1 9830 1.698680043 0.001975564286
8041 1 2963 1.697859526 0.001347851125
8075 1 4480 1.696253181 0.002422340913
8089 1 5426 1.691270471 0.00124967075
8240 1 695 1.688695669 0.00424019387
8291 1 2557 1.696186185 0.001385311363
8304 1 2848 1.690833211 0.003224249696
8350 1 4340 1.681481123 0.00204252149
8361 1 4737 1.703473687 0.002222724026
8437 1 7616 1.696951628 0.001296965522
8456 1 8209 1.685805678 0.002380241174
8458 1 8218 1.687721372 0.002936278936
8522 1 835 1.704259038 0.002646170324
8525 1 939 1.69915247 0.002110538073
8579 1 3129 1.699972987 0.001726631541
8665 1 6878 1.696809649 0.002248165198
8684 1 7446 1.693337798 0.002081654966
8704 1 7713 1.6892941 0.003287094645
8724 1 8384 1.689552546 0.003910878673
8785 1 817 1.694500804 0.001272463589
8835 1 2599 1.702394009 0.001821539132
8906 1 5310 1.695824265 0.00433928892
8917 1 5762 1.702235103 0.001837245654
8956 1 7346 1.706314921 0.002211512765
9009 1 9088 1.697984576 0.00181961467
9155 1 4812 1.69678092 0.001634493587
9157 1 5039 1.69772768 0.002138412325
9180 1 5560 1.700328231 0.002055340447
9221 1 7192 1.705932975 0.001988374861
9232 1 7577 1.705243468 0.001834358671
9266 1 8677 1.693116546 0.001543754712
9269 1 8844 1.67495048 0.004953796975
9288 1 9663 1.69538784 0.002906965092
9301 1 9877 1.701295733 0.002523569623
9307 1 56 1.691946626 0.002834754065
9384 1 2419 1.694284558 0.002488009166
9410 1 3056 1.703964829 0.005126800388
9492 1 6704 1.697957277 0.002432786394
9500 1 6971 1.691873908 0.002820878522
9517 1 7442 1.690364242 0.003890053602
9544 1 8463 1.689896226 0.002128014807
9638 1 2038 1.688749313 0.004331049044
9711 1 4634 1.695169806 0.001951527316
9772 1 6946 1.688082099 0.002667543478
9776 1 7029 1.70371592 0.002517315559
9844 1 9484 1.709853888 0.003095197259
9848 1 9667 1.696596265 0.001625154866
9976 1 4642 1.690839648 0.002034666715
9985 1 4923 1.696080685 0.001845918363
10055 1 7144 1.700064659 0.002472947584
10056 1 7232 1.694815397 0.001909439685
10106 1 9404 1.696333289 0.001795087126
10134 1 322 1.696244478 0.00242714351
10177 1 1623 1.701838851 0.002846615622
10185 1 1833 1.682579279 0.002060947241
10219 1 3010 1.700242996 0.002399855992
10293 1 5369 1.696583509 0.001839902834
10300 1 5731 1.684431553 0.002531831851
10494 1 3214 1.690654516 0.001449582516
10575 1 6237 1.691453457 0.002333516721
10709 1 529 1.702374339 0.002027325565
10757 1 2219 1.702151537 0.005716509651
10761 1 2300 1.697740197 0.002841928741
10847 1 4811 1.687587619 0.002296838211
10871 1 5814 1.690982819 0.003242027713
10908 1 7592 1.695497751 0.001284196391
10910 1 7687 1.70338285 0.00183317333
11126 1 6055 1.695639372 0.00405691145
11142 1 6352 1.68739593 0.002066271147
11159 1 7016 1.691720366 0.001713775331
11160 1 7016 1.691759229 0.001713249716
11169 1 7307 1.696653724 0.004297920037
11221 1 9379 1.694853544 0.001263627084
11253 1 409 1.703273177 0.003362914547
11266 1 875 1.693539381 0.001688146847
11312 1 2313 1.702051997 0.002961944323
11364 1 3997 1.693995714 0.002255079104
11413 1 5534 1.692963839 0.00243112212
11440 1 7179 1.696725607 0.001571337227
11448 1 7396 1.701758146 0.002295822604
11479 1 8695 1.687473893 0.004711854272
11514 1 9836 1.692646027 0.002477691742
11524 1 217 1.699487567 0.004511469509
11582 1 2604 1.701219201 0.002225751989
11679 1 6197 1.717040777 0.002994226757
11684 1 6327 1.692470312 0.001260954537
11685 1 6327 1.692361712 0.001265145838
11691 1 6592 1.692460775 0.002909712028
11711 1 7059 1.691385984 0.002381572267
11730 1 8059 1.700196862 0.001232970273
11789 1 263 1.686963677 0.001776471152
11833 1 1790 1.698528409 0.004365151748
11876 1 3081 1.689714313 0.001095940825
11882 1 3297 1.698861957 0.002617836231
11889 1 3563 1.686327219 0.002718828619
11903 1 4056 1.688220859 0.003552564187
11904 1 4063 1.699128866 0.003750246251
11954 1 5752 1.689584017 0.001804229105
11962 1 5808 1.702977777 0.004118936136
11964 1 5809 1.691226244 0.002233655192
11965 1 5903 1.701100469 0.001877060859
11974 1 6273 1.69326973 0.001470009796
12034 1 8087 1.692426562 0.001731724595
12101 1 487 1.692599416 0.002305470407
12131 1 1493 1.693493128 0.001671420177
12190 1 3840 1.695586443 0.001980293309
12209 1 4458 1.69328618 0.003227628535
12232 1 5165 1.708220005 0.002620183397
12252 1 6096 1.695970535 0.001127300085
12312 1 8638 1.702641129 0.001543311169
12364 1 1655 1.698003888 0.004525736906
12410 1 3789 1.682671189 0.004199043848
12412 1 3967 1.700293303 0.001486639609
12451 1 5449 1.691625953 0.002696279204
12476 1 6635 1.718398213 0.004780595191
12620 1 2150 1.697343588 0.002255206695
12655 1 3626 1.69616282 0.001859657816
12717 1 5622 1.696370006 0.004964988213
12731 1 5961 1.698040605 0.001192243653
12783 1 7884 1.693719745 0.001504098414
12811 1 8934 1.693852305 0.00221693865
12819 1 9191 1.702046752 0.001791801071
12884 1 1587 1.698529243 0.001925283461
12900 1 2351 1.68319571 0.001984244678
12958 1 4508 1.695456266 0.002473130589
12991 1 5666 1.700603962 0.001411077916
13001 1 6001 1.704133391 0.001632582513
13003 1 6006 1.706132531 0.00229495205
13018 1 6389 1.683966756 0.00150385336
13048 1 7168 1.698204398 0.001839760691
13133 1 31 1.695177197 0.003132769838
13136 1 92 1.70745945 0.001862633857
13141 1 258 1.702753067 0.003308817744
13178 1 1780 1.69267571 0.001896608039
13227 1 4085 1.725652814 0.007946632802
13229 1 4197 1.698983788 0.002801535651
13270 1 5794 1.694787264 0.004111968447
13318 1 7463 1.685339451 0.001454793266
13321 1 7498 1.698852539 0.002692783251
13364 1 8925 1.682337403 0.002086346503
13413 1 738 1.707420468 0.003238666104
13436 1 1767 1.696585774 0.001655009342
13472 1 3188 1.694633245 0.002819592599
13539 1 5578 1.686165333 0.006698939484
13565 1 6501 1.69671905 0.002741968725
13591 1 7365 1.700030804 0.001938111382
13764 1 3950 1.70518136 0.00209299312
13809 1 5771 1.691077828 0.00318850507
13846 1 7050 1.695032716 0.00104127673
13886 1 8611 1.689335227 0.001706617186
13989 1 2751 1.69412899 0.001519322395
14102 1 6598 1.703482628 0.004204598255
14125 1 7283 1.702256203 0.001312611508
14204 1 83 1.695358396 0.002435509814
14217 1 360 1.69689858 0.001333164866
14313 1 4341 1.690153956 0.001688900404
14314 1 4369 1.695317149 0.001718172454
14322 1 4684 1.696488857 0.002048490802
14384 1 7283 1.701906919 0.003316931892
14435 1 9119 1.696378231 0.001387955388
14475 1 483 1.702968597 0.003618122078
14493 1 1124 1.692462444 0.001757714548
14508 1 1759 1.695697904 0.001822488382
14519 1 2032 1.697896123 0.001656332286
14527 1 2224 1.704007745 0.001618955052
14608 1 5154 1.686876535 0.001197216683
14611 1 5288 1.693819404 0.003694520565
14699 1 9333 1.700077057 0.001940912218
14725 1 278 1.693660617 0.002996954368
14742 1 814 1.690280318 0.00392719917
14757 1 1393 1.690923572 0.00350399944
14805 1 2841 1.694698453 0.001831577159
14830 1 3798 1.699047804 0.002771532396
14834 1 3851 1.69085288 0.001807700028
14851 1 4360 1.688569546 0.005430866499
14918 1 6825 1.703856587 0.002448147861
14981 1 8934 1.701008677 0.002237792592
14989 1 9402 1.694798112 0.001743338071
15029 1 585 1.688441873 0.002333102282
15038 1 1015 1.688412428 0.00241376576
15123 1 3438 1.702651739 0.003109192243
15127 1 3551 1.691416502 0.004527159967
15138 1 4347 1.696829796 0.004645897076
15219 1 7225 1.709510922 0.002667249413
15276 1 9208 1.694461703 0.001245430554
15295 1 9684 1.693909645 0.001450634329
15336 1 943 1.696554542 0.001361564733
15342 1 1016 1.693201542 0.003413689323
15367 1 2200 1.703891873 0.00183062756
15457 1 5644 1.688874722 0.002319560386
15532 1 8093 1.703050375 0.001916381181
15602 1 957 1.701635957 0.003361657262
15628 1 1713 1.694279194 0.003141973168
15642 1 2255 1.702035785 0.001849517575
15666 1 3185 1.69218421 0.001146269497
15668 1 3300 1.696269512 0.003745397553
15704 1 4743 1.687204838 0.003066504374
15707 1 4783 1.700364232 0.00327878329
15733 1 5785 1.68636179 0.001972210361
15742 1 6003 1.703933597 0.001876287861
15743 1 6022 1.702215672 0.003020682605
15752 1 6677 1.703597665 0.004529477097
15818 1 8509 1.704503894 0.002145248232
15858 1 9978 1.695868254 0.003631259315
15878 1 820 1.695009351 0.001852596295
15983 1 4626 1.692840695 0.001733542653
16125 1 225 1.700244665 0.004287155345
16172 1 1973 1.693853378 0.001131727593
16196 1 2984 1.694939971 0.003253627801
16221 1 3577 1.708047748 0.004411338829
16228 1 3768 1.69949472 0.003139005508
16235 1 4245 1.695003867 0.003923233133
16246 1 4880 1.701744437 0.001631080755
16270 1 5660 1.695323586 0.001327314647
16306 1 6715 1.705772281 0.004884718917
16353 1 8698 1.708433747 0.002657366917
16368 1 9126 1.699871659 0.002514802385
16382 1 9735 1.697256923 0.003534672549
16387 1 9790 1.702437639 0.003065028926
16428 1 1237 1.698185682 0.007263307925
16445 1 1847 1.698017478 0.001506414963
16447 1 1912 1.701491475 0.001432712772
16448 1 1964 1.690187573 0.001798138022
16544 1 5250 1.696205139 0.00154439325
16548 1 5322 1.696256042 0.002828845521
16563 1 6021 1.701091647 0.002171106637
16565 1 6058 1.695747972 0.003406876232
16581 1 6805 1.699204326 0.00317232497
16595 1 7205 1.689095378 0.001520877471
16639 1 9040 1.705192685 0.002193853725
16641 1 9093 1.69468987 0.003807059722
16659 1 9857 1.707200289 0.002165752929
16667 1 136 1.704796314 0.003073063213
16699 1 1269 1.699220419 0.002513595391
16725 1 2426 1.691409588 0.001138942433
16785 1 4415 1.677154899 0.002878545551
16799 1 5054 1.693011403 0.001604757155
16896 1 8322 1.696977615 0.002530857455
16904 1 8901 1.703256607 0.00233753887
16930 1 9701 1.69312942 0.001762485947
17123 1 8186 1.708561301 0.003285430372
17133 1 8681 1.69895339 0.001928919111
17179 1 356 1.714137077 0.003667283105
17181 1 543 1.697875381 0.001197102829
17254 1 2962 1.701597571 0.002561295172
17255 1 3082 1.694740772 0.003485283349
17476 1 1793 1.702970505 0.006170340814
17482 1 1994 1.692534566 0.001958945766
17570 1 4808 1.700385094 0.001948300167
17638 1 7416 1.70024085 0.003918737639
17669 1 8721 1.677121878 0.001870533917
17706 1 99 1.691972733 0.002032274613
17724 1 701 1.694087625 0.001346160658
17771 1 2206 1.694603682 0.002300471999
17824 1 4313 1.701646805 0.001865836908
17887 1 6046 1.695819974 0.001453666599
17941 1 8294 1.708605647 0.002507332014
17945 1 8498 1.691816688 0.001767528942
18009 1 564 1.698667169 0.006450940389
18018 1 905 1.692219257 0.001888823346
18019 1 935 1.685539484 0.002774873748
18156 1 6080 1.694882512 0.001887561404
18169 1 6514 1.687489867 0.002203925513
18180 1 6891 1.692786455 0.002306669485
18206 1 7984 1.698964357 0.002612207318
18210 1 8221 1.688848972 0.003174446989
18218 1 8477 1.702902436 0.003570341505
18299 1 1671 1.706080914 0.003917765338
18310 1 2002 1.696703196 0.004261670634
18322 1 2354 1.693277597 0.002014950616
18326 1 2481 1.711001635 0.004998616874
18335 1 2787 1.693609238 0.002067143796
18352 1 3524 1.697549105 0.002315703314
18371 1 4217 1.700111508 0.002176403766
18431 1 6650 1.691333532 0.003874889109
18529 1 9788 1.695234537 0.00264939107
18566 1 1475 1.684805036 0.002601266606
18645 1 3911 1.700495601 0.001962550217
18700 1 5967 1.693278193 0.001372210914
18750 1 7760 1.692403436 0.001676924876
18762 1 8257 1.693755746 0.001661018119
18763 1 8260 1.6940521 0.002628945513
18775 1 8696 1.693826199 0.001536245458
18813 1 63 1.694853187 0.002024631016
18863 1 1831 1.696643114 0.001257361146
18892 1 2887 1.695255399 0.003453606274
19020 1 6874 1.692290902 0.001815841882
19164 1 1922 1.688361645 0.002879850799
19182 1 2621 1.694253445 0.003010434564
19211 1 3882 1.699194312 0.004078850616
19227 1 4490 1.687787056 0.002172451233
19242 1 5057 1.693061471 0.001764401561
19278 1 6566 1.694848657 0.001838366035
19332 1 7820 1.699700832 0.001353626605
19435 1 1641 1.693635106 0.003551669884
19504 1 4073 1.702040911 0.00201389729
19592 1 7071 1.67631948 0.004739805125
19618 1 7857 1.694989562 0.002692735754
19710 1 1622 1.694563866 0.001754862722
19730 1 2676 1.695188761 0.00169095688
19756 1 3471 1.697887301 0.002338566817
19774 1 4194 1.676346779 0.005948029924
19822 1 5813 1.698724508 0.002438424155
19823 1 5813 1.698652029 0.002436516108
19847 1 6553 1.692337036 0.002051276853
19995 1 1860 1.689793587 0.002174812369
20095 1 5073 1.690818429 0.001325444784
20119 1 5889 1.69682312 0.001298513846
20155 1 6966 1.706136703 0.002575610299
20157 1 6985 1.686677933 0.002433766611
20220 1 9266 1.702843428 0.001920924056
20224 1 9518 1.69643569 0.002536878223
20262 1 1226 1.697970271 0.002086410532
20331 1 3789 1.699246526 0.003174684243
20340 1 4129 1.692964554 0.001550315646
20358 1 4945 1.697925568 0.001589703374
20375 1 5499 1.695064187 0.001343000447
20383 1 5686 1.70620966 0.002590065589
20396 1 6182 1.68937993 0.007889892906
20438 1 7808 1.685676694 0.002005413175
20459 1 8679 1.702320218 0.002079581376
20523 1 1814 1.706576943 0.003344165394
20534 1 2193 1.71000886 0.004185734317
20548 1 3138 1.699698687 0.003190645017
20784 1 2191 1.691483617 0.002461711178
20791 1 2584 1.700060964 0.002718653297
20807 1 3515 1.688788295 0.002127038315
20831 1 4526 1.701152682 0.002360373968
20899 1 6913 1.695638657 0.001418663072
20950 1 9011 1.696580052 0.001518641715
21034 1 2200 1.691083312 0.001843928592
21073 1 3520 1.696341276 0.003721039742
21074 1 3616 1.689078927 0.001633630949
21155 1 6277 1.698986769 0.003703752533
21232 1 8832 1.689255476 0.002751559718
21313 1 2366 1.689684987 0.00171141664
21333 1 3368 1.689583659 0.001965786098
21343 1 3902 1.690287948 0.003087345976
21416 1 7215 1.690116048 0.001823842525
21419 1 7353 1.695740819 0.001508024172
21438 1 7954 1.699943423 0.002620072337
21471 1 8928 1.689992309 0.001826615422
21583 1 3990 1.695459485 0.004419464152
21592 1 4387 1.697697163 0.002926418791
21639 1 6634 1.697318792 0.001663810341
21653 1 6928 1.697732687 0.001478311024
21693 1 8723 1.697962761 0.002140818629
21741 1 368 1.685875535 0.001974906074
21747 1 726 1.690904975 0.002001094166
21751 1 977 1.710546255 0.002886471571
21833 1 3366 1.696435094 0.001634828863
21942 1 7601 1.698532701 0.001871538931
22128 1 4382 1.698176622 0.001563068363
22133 1 4589 1.69834435 0.002084503183
22180 1 6155 1.696828127 0.003875883296
22202 1 7137 1.696823597 0.001393836108
22247 1 8679 1.693421245 0.001781602856
22312 1 1417 1.699176311 0.001697598374
22340 1 2420 1.704343557 0.002405008534
22444 1 6148 1.699591398 0.001278136973
22471 1 6867 1.702159405 0.002937859856
22485 1 7602 1.701362491 0.001755292178
22523 1 9007 1.705866814 0.002917502541
22567 1 658 1.715619922 0.003526623128
22613 1 2174 1.697226048 0.002203565091
22644 1 3154 1.691269517 0.001545423525
22669 1 4215 1.690764189 0.002769039012
22673 1 4391 1.692890167 0.002204282209
22685 1 4914 1.690934539 0.002421750221
22721 1 6981 1.699100018 0.001808550325
22762 1 8391 1.693206429 0.00196625269
22767 1 8558 1.697460651 0.001757194172
22839 1 1312 1.697350264 0.003447618568
22861 1 1888 1.695152879 0.002513296669
23063 1 8671 1.693329096 0.001756840735
23092 1 9318 1.687169909 0.002282117493
23100 1 9455 1.700760603 0.002331896219
23178 1 3187 1.695936322 0.003574587638
23210 1 4049 1.70051837 0.001649150741
23260 1 5979 1.708907962 0.001900307834
23293 1 7337 1.697861314 0.001330543077
23295 1 7413 1.695459127 0.003336928319
23359 1 74 1.697674632 0.002578731161
23385 1 1058 1.694137573 0.003393000225
23410 1 2081 1.696772099 0.004943175241
23490 1 5146 1.698958635 0.003065993777
23497 1 5376 1.703813791 0.003274643328
23559 1 7748 1.694816589 0.002172881737
23613 1 9213 1.690273046 0.001386335352
23694 1 2878 1.703825116 0.002201545984
23723 1 4025 1.694264174 0.005173720419
23726 1 4043 1.695617437 0.001579913311
23727 1 4048 1.692889452 0.003250264097
23742 1 4681 1.695598483 0.001226509921
23759 1 5511 1.701837659 0.001824653475
23805 1 6997 1.692731261 0.002919208026
23841 1 8738 1.708403468 0.00195434317
23848 1 8976 1.699758291 0.001626778045
23919 1 1518 1.706627488 0.003065591212
23943 1 2634 1.696067929 0.003465276444
23956 1 3063 1.697370887 0.002198203001
24045 1 6301 1.704081178 0.003940184135
24048 1 6308 1.692298174 0.002609138843
24062 1 6594 1.699546099 0.003234421369
24085 1 7430 1.689128876 0.002216326538
24116 1 8662 1.704225421 0.002472210908
24175 1 290 1.694873214 0.002921215026
24185 1 643 1.693725467 0.001768372604
24217 1 1532 1.67926991 0.002602781868
24238 1 2128 1.699452519 0.001304386999
24257 1 2768 1.711631775 0.004045671783
24290 1 3916 1.704140782 0.002238861052
24298 1 4127 1.695157528 0.001572571462
24336 1 5371 1.698553443 0.00192950631
24400 1 7430 1.676463485 0.002220488619
24435 1 8984 1.70260179 0.002005490474
24489 1 834 1.696854711 0.00186531269
24606 1 5398 1.700997949 0.001794793527
24638 1 6556 1.698337197 0.001719429623
24685 1 8564 1.698710442 0.004025521688
24753 1 1571 1.702570796 0.001788795926
24761 1 1932 1.692024469 0.001965465723
24846 1 5480 1.698168755 0.001531860675
24861 1 5846 1.689397097 0.002333914163
24893 1 6938 1.692255974 0.002184532117
24916 1 7567 1.697245121 0.003002443351
24919 1 7780 1.702480316 0.002127437154
24924 1 7866 1.691610932 0.001617038855
24949 1 8704 1.695598841 0.001560769393
24985 1 138 1.692692637 0.002024121583
25004 1 1060 1.691385746 0.001916352659
25010 1 1259 1.693127871 0.00107275194
25039 1 2229 1.686109543 0.003735582577
25067 1 3089 1.697140217 0.002064646455
25075 1 3300 1.69949019 0.003376959125
25148 1 5921 1.710817099 0.00220879796
25187 1 7873 1.700427055 0.001693756203
25188 1 7900 1.70331502 0.001554824412
25218 1 9016 1.702547312 0.002294484992
25263 1 966 1.690535426 0.00152745354
25265 1 1059 1.690017343 0.002654728945
25349 1 4134 1.697271109 0.001832356444
25378 1 5119 1.708047628 0.004580417182
25388 1 5947 1.695642591 0.001541600563
25433 1 7593 1.693875074 0.001706555835
25445 1 7948 1.705862641 0.001590350061
25485 1 9326 1.702945232 0.002693936927
25516 1 502 1.711253643 0.005024759565
25645 1 5304 1.685415387 0.001721679466
25689 1 7204 1.699736238 0.002119947923
25741 1 9570 1.694022775 0.001903644064
25810 1 2063 1.700032353 0.002673506271
25832 1 3388 1.693616986 0.004780669697
25884 1 5307 1.698056102 0.00272651203
25910 1 6620 1.701927066 0.001319652889
25919 1 7185 1.699777722 0.002216285327
25936 1 7916 1.698282361 0.002186995232
25997 1 9745 1.694900036 0.002161165467
25999 1 9766 1.70383954 0.002502108691
26011 1 71 1.699594021 0.001960332971
26059 1 1874 1.692932367 0.002020677086
26106 1 2841 1.701860785 0.002045811387
26109 1 2848 1.686015844 0.005733455066
26221 1 7229 1.69392705 0.001945935423
26394 1 2835 1.695832491 0.005316589493
26444 1 5061 1.693370104 0.003357348265
26447 1 5184 1.701914072 0.00255957176
26479 1 6237 1.701132774 0.003645445919
26483 1 6269 1.71386981 0.003180186497
26577 1 9255 1.709669113 0.00217030663
26630 1 992 1.693031669 0.001607902348
26692 1 3104 1.696741462 0.001632004511
26697 1 3306 1.700871348 0.006725946441
26728 1 4269 1.689393878 0.004159450531
26739 1 4496 1.699690461 0.002266454976
26755 1 5375 1.693929195 0.0019733503
26845 1 8396 1.699743629 0.001883244491
26892 1 273 1.684966803 0.001997495769
26903 1 552 1.69322741 0.002269325312
26908 1 876 1.691390157 0.002501746872
26915 1 1452 1.70172441 0.002934102667
27035 1 6179 1.697113752 0.002248392208
27088 1 7780 1.695113063 0.003864239668
27173 1 1354 1.696198702 0.001987706171
27176 1 1578 1.692482471 0.001752928831
27207 1 2501 1.700838923 0.002768149599
27223 1 3038 1.693634391 0.002345471876
27237 1 3969 1.699869394 0.001226715278
27262 1 4689 1.690577984 0.002142502926
27409 1 204 1.708537459 0.001929932856
27432 1 1070 1.695609808 0.001748610521
27487 1 3108 1.699625373 0.003893842222
27536 1 4850 1.69600451 0.003185438924
27661 1 8960 1.68525207 0.004855995066
27681 1 9758 1.680849433 0.005465025082
27698 1 477 1.69369483 0.003210890805
27763 1 2940 1.703774691 0.005233991891
27778 1 3308 1.693255305 0.001610880019
27799 1 4013 1.696116567 0.002384749008
27803 1 4303 1.691213608 0.002867161296
27810 1 4561 1.697584629 0.001550397603
27896 1 7528 1.697693706 0.001126023126
27954 1 8875 1.686529636 0.002856325824
28009 1 1116 1.693805933 0.003242950654
28024 1 1771 1.699621677 0.002200337127
28073 1 3839 1.690484524 0.005286256317
28074 1 3915 1.693156481 0.002141995123
28077 1 3939 1.726509452 0.002792257583
28172 1 7761 1.694171548 0.001277686097
28180 1 7920 1.696920753 0.005636723712
28190 1 8109 1.699966788 0.002024531132
28194 1 8235 1.68097198 0.001633634092
28290 1 2169 1.697025299 0.002054593526
28322 1 3463 1.694180131 0.001704883529
28327 1 3691 1.694247961 0.002312637167
28354 1 4481 1.685596704 0.003330420703
28391 1 6413 1.696273327 0.003641860094
28430 1 7848 1.696815133 0.002099126345
28455 1 8896 1.698979616 0.002198510803
28460 1 9108 1.69170022 0.002112695947
28480 1 9705 1.696064234 0.001591957174
28615 1 5562 1.705144048 0.003389697988
28623 1 5950 1.708743691 0.001926035038
28644 1 6709 1.690215707 0.001075439854
28647 1 6938 1.69891417 0.002148770262
28688 1 8339 1.701949239 0.002451084089
28724 1 9786 1.691569448 0.001224285807
28725 1 9821 1.696795464 0.001339606824
28761 1 1020 1.696684837 0.002015606267
28808 1 2654 1.697261214 0.003198243678
28809 1 2737 1.705512643 0.00495851133
28885 1 5575 1.697822809 0.002778734546
28894 1 5813 1.696186543 0.003926640376
28972 1 8924 1.70227766 0.001519337646
28982 1 9350 1.696362734 0.001608249266
29018 1 1221 1.70610702 0.0049972618
29187 1 7051 1.688668609 0.003975102212
29207 1 7643 1.702438116 0.002315124497
29239 1 8862 1.696749568 0.004722829442
29308 1 793 1.706469536 0.003736855928
29456 1 5696 1.700913787 0.003844685853
29468 1 6170 1.702302098 0.004086209927
29631 1 1396 1.704971671 0.004036097787
29646 1 2341 1.703201771 0.002320693573
29667 1 3135 1.693924308 0.001085026772
29742 1 6131 1.693969607 0.003339568852
29800 1 8807 1.707142115 0.004374690354
29811 1 9256 1.69357574 0.002021479188
29814 1 9328 1.68482697 0.001501411432
29843 1 368 1.696384192 0.003899764502
29938 1 4939 1.704243541 0.002425178187
30063 1 9526 1.698260427 0.001396111329
30085 1 198 1.695058346 0.003665148746
30102 1 736 1.694543004 0.002054875484
30136 1 2076 1.700946808 0.001795970369
30244 1 5898 1.693407893 0.00184962526
30251 1 6141 1.69079566 0.001734582358
30286 1 7690 1.690815926 0.001286964398
30316 1 8939 1.698313713 0.001595294569
30352 1 189 1.702407598 0.002807938727
30365 1 729 1.68999207 0.002276026644
30380 1 937 1.684739232 0.003158801468
30386 1 1187 1.690423131 0.003232321003
30428 1 2545 1.696822286 0.003192810575
30495 1 4681 1.701527357 0.00187801593
30524 1 5834 1.695265174 0.001754986821
30544 1 6870 1.700175047 0.001928906189
30591 1 8396 1.70183444 0.001296182862
30663 1 938 1.701689363 0.002847721567
30686 1 1590 1.697359562 0.00397878373
30700 1 2310 1.701058507 0.00337171671
30717 1 3102 1.696729779 0.001711732941
30719 1 3102 1.696701169 0.001711516059
30870 1 9081 1.695249319 0.001350361737
30934 1 1697 1.688703656 0.002160968725
30938 1 1798 1.692125797 0.002871691482
30979 1 2943 1.694097281 0.002124234801
30982 1 3147 1.686357141 0.002129195491
30984 1 3246 1.693825603 0.002031742828
30998 1 3866 1.701919198 0.002157070208
31023 1 4699 1.699861288 0.002078947611
31029 1 4889 1.690206647 0.001849603839
31050 1 6006 1.700063825 0.002847764408
31104 1 7886 1.704645157 0.001882633194
31161 1 12 1.708611965 0.002038956387
31177 1 444 1.683480978 0.005693638697
31217 1 1863 1.695973873 0.00119432481
31261 1 4050 1.702724338 0.002754015615
31308 1 6011 1.701081514 0.003199208062
31329 1 7035 1.696584821 0.001601068419
31350 1 7510 1.697677374 0.002527531236
31370 1 8011 1.682484031 0.001964126481
31372 1 8082 1.698169589 0.003090349725
31400 1 9315 1.699296832 0.001602948527
31411 1 9540 1.694988608 0.00253294874
31435 1 397 1.670911908 0.003281851765
31504 1 2815 1.697116017 0.002661958802
31510 1 3041 1.698155522 0.002086438471
31534 1 3847 1.708529472 0.004256991204
31541 1 4136 1.708494306 0.004790239967
31579 1 5654 1.582218647 0.001793401199
31684 1 9688 1.693814874 0.001574033988
31694 1 9946 1.694562793 0.002310369862
31744 1 1771 1.695481658 0.002314566402
31854 1 6821 1.694601417 0.002020144369
31885 1 7566 1.691446543 0.001242793398
31917 1 8566 1.691090822 0.001958681736
31924 1 8952 1.696143866 0.002113859868
31968 1 757 1.697535634 0.004221091978
32020 1 2561 1.686394811 0.001499578007
32075 1 4405 1.694200993 0.001936031622
32110 1 6022 1.697709322 0.001443560584
32136 1 7107 1.698150158 0.003360465402
32190 1 9279 1.698089242 0.001594819478
32335 1 4366 1.712063432 0.002395496937
32346 1 4600 1.702619553 0.002343949163
32397 1 6198 1.695732832 0.002871242585
32450 1 8266 1.698130727 0.00232925755
32490 1 9519 1.696292639 0.001894469955
32512 1 469 1.693101525 0.003938854206
32603 1 3702 1.696174741 0.00155170355
32634 1 4426 1.693650723 0.003828060348
32644 1 4805 1.705064058 0.002997247269
32661 1 5535 1.697601795 0.003615317866
32662 1 5535 1.697398663 0.003610702232
32684 1 6504 1.688879132 0.002383648651
32728 1 8250 1.693904877 0.003653382882
32803 1 1617 1.703378081 0.002566115698
32827 1 3034 1.697526574 0.002604860812
32841 1 3413 1.704164982 0.001495929086
32873 1 4532 1.685940623 0.001903555822
32874 1 4612 1.697034836 0.001298552146
32901 1 5541 1.703753352 0.002209458034
32912 1 5811 1.695315838 0.00277670566
32931 1 6232 1.698300362 0.003045944497
32947 1 7031 1.702727437 0.002781385323
32985 1 8321 1.695435166 0.001230702503
33000 1 8633 1.705608606 0.00283568562
33002 1 8726 1.69297123 0.00253627752
33004 1 8801 1.699354053 0.00226173969
33090 1 2109 1.687968016 0.004125701729
33094 1 2170 1.684289098 0.003319525626
33105 1 2439 1.70557642 0.005542459432
33106 1 2456 1.703351736 0.002763319528
33181 1 5676 1.697253585 0.003231931943
33239 1 7672 1.700595975 0.00355561357
33315 1 1093 1.694609284 0.004615401383
33318 1 1118 1.690483332 0.001971419901
33400 1 3490 1.695011139 0.001691850252
33417 1 3922 1.701971054 0.002808781806
33514 1 7514 1.693406343 0.003363545984
33541 1 8568 1.693416119 0.001535385731
33563 1 9678 1.696871161 0.001982629765
33573 1 1 1.706100464 0.001948643709
33651 1 3024 1.694368958 0.003272277536
33744 1 7245 1.701941729 0.001432865625
33759 1 7677 1.690364838 0.002606139751
33773 1 8116 1.70038712 0.003670562757
33844 1 841 1.700440288 0.002061946783
33858 1 1560 1.6972363 0.002620397368
33926 1 3877 1.688103676 0.003974919673
33939 1 4354 1.697383761 0.001178525272
34075 1 9402 1.701973438 0.002818243112
34102 1 484 1.694104671 0.002722638426
34207 1 4686 1.699896216 0.003004380269
34252 1 6569 1.697465301 0.003239812795
34266 1 6913 1.700993299 0.003156525316
34268 1 6913 1.701444864 0.003157851985
34354 1 9598 1.695323586 0.001226316555
34434 1 2408 1.701400042 0.001329871127
34477 1 3939 1.692675114 0.002912021475
34527 1 5750 1.696228623 0.002597968094
34557 1 6775 1.69735539 0.001757865772
34585 1 7815 1.693975925 0.001866188017
34678 1 813 1.691333294 0.003000545083
34681 1 978 1.699339986 0.00328679313
34747 1 3323 1.69667089 0.001649585785
34792 1 5184 1.703962207 0.003628800856
34868 1 8014 1.695047379 0.001415470964
34885 1 8360 1.704975724 0.003890369087
34959 1 1440 1.692801118 0.001725410693
34966 1 1831 1.678941011 0.001504283864
34988 1 2819 1.700985432 0.00299142627
34991 1 2895 1.695591688 0.001580784214
35060 1 5217 1.703016877 0.001869593048
35154 1 8403 1.691140652 0.001765088993
35179 1 9622 1.692162633 0.001631268882
35296 1 4316 1.681344509 0.002111593494
35307 1 4498 1.6875844 0.001877534087
35322 1 5035 1.696544647 0.003759893356
35426 1 8786 1.698307157 0.003819270525
35459 1 9841 1.696477413 0.00116601109
35464 1 80 1.691935778 0.003072836902
35477 1 475 1.702077746 0.00185116753
35478 1 481 1.6967448 0.002565896604
35533 1 2783 1.697203636 0.001835421775
35606 1 5435 1.701659322 0.002736177528
35644 1 7154 1.700928569 0.00154843973
35653 1 7807 1.697133183 0.001788200112
35727 1 247 1.701362371 0.002366941422
35852 1 4236 1.699004769 0.002569828881
35893 1 6103 1.699430585 0.001772359596
35902 1 6198 1.699565649 0.00207413407
35909 1 6419 1.698971272 0.003238043515
35970 1 9217 1.694928885 0.001828207285
35972 1 9354 1.698038936 0.001847572508
35993 1 160 1.683020353 0.003031863598
36002 1 481 1.697523594 0.002971894108
36045 1 1869 1.686602116 0.002807211131
36056 1 2153 1.699802279 0.002552629216
36058 1 2223 1.699509382 0.002197115216
36116 1 4125 1.688014984 0.002700373996
36187 1 7015 1.691602588 0.001725311391
36190 1 7092 1.703847408 0.001314353896
36218 1 8027 1.694637537 0.001600268064
36280 1 316 1.68941915 0.002528730314
36341 1 2331 1.693488002 0.002927213674
36385 1 3931 1.69595623 0.003219669918
36435 1 5554 1.697114229 0.002033713739
36451 1 5970 1.70248282 0.003284623846
36452 1 6076 1.693518996 0.003087593708
36474 1 7139 1.694695592 0.001848436194
36518 1 8730 1.698385119 0.001604231424
36546 1 9823 1.70115006 0.002994456096
36565 1 153 1.690811276 0.003402530216
36572 1 330 1.689681411 0.001873150468
36589 1 837 1.688602448 0.002723980695
36636 1 2700 1.699585319 0.003077610163
36659 1 3594 1.692156672 0.001960285939
36702 1 5086 1.697651148 0.001973329578
36794 1 8350 1.693906307 0.002038585721
36809 1 9050 1.707552671 0.001879227813
36817 1 9359 1.698543549 0.001651337137
36849 1 1063 1.697263479 0.004195728339
36899 1 3327 1.697535634 0.002761040116
36925 1 4392 1.689754009 0.001699972316
36952 1 5153 1.694388986 0.003372719511
36966 1 5898 1.693499565 0.001786919776
36991 1 6696 1.694627404 0.00378342974
37096 1 786 1.6933918 0.003601509146
37110 1 1376 1.702399492 0.003642135998
37152 1 2784 1.695531011 0.001366061741
37170 1 3470 1.689862251 0.002383436309
37228 1 5796 1.697339177 0.001567710075
37269 1 7183 1.704445839 0.002667086665
37291 1 8466 1.702638984 0.00143053662
37310 1 9019 1.694266915 0.002571120625
37350 1 479 1.701211691 0.002371965442
37385 1 2187 1.695589066 0.001542497659
37390 1 2227 1.704116225 0.004158022348
37467 1 4806 1.696749687 0.002170846798
37468 1 4850 1.697857261 0.004774646368
37477 1 5084 1.704565287 0.005659950431
37503 1 6253 1.70983398 0.005112481769
37513 1 6517 1.697800994 0.001921569346
37520 1 6759 1.696691871 0.002099093981
37528 1 7122 1.695863843 0.002312620636
37616 1 622 1.697759032 0.002206398873
37618 1 655 1.684489369 0.00516248215
37700 1 3343 1.688731313 0.002006598748
37712 1 3669 1.69304359 0.001295260852
37830 1 8715 1.696504951 0.002032902092
37849 1 9496 1.695044637 0.002814718289
37855 1 9818 1.69990015 0.00331591256
37924 1 2290 1.691424012 0.00304095773
37991 1 4411 1.703520775 0.003007689025
38001 1 4701 1.690088749 0.004116093274
38025 1 5938 1.694879413 0.002062067855
38057 1 6807 1.685116649 0.00786477793
38075 1 7565 1.693911195 0.002432207344
38106 1 8748 1.690805793 0.001844639424
38178 1 1569 1.69689703 0.002529553836
38187 1 2148 1.695649028 0.001812223811
38218 1 2977 1.695498705 0.001435098704
38248 1 4131 1.704810619 0.002763001481
38500 1 3302 1.690138459 0.002223725198
38533 1 4563 1.696737766 0.001211228548
38545 1 4792 1.701856613 0.001835142844
38610 1 7136 1.698267817 0.001958442619
38672 1 8985 1.691371918 0.001750624855
38710 1 639 1.686417341 0.002717429772
38763 1 2459 1.688631177 0.003627351252
38766 1 2738 1.703483105 0.003434556769
38773 1 2813 1.698636055 0.002323273569
38798 1 3530 1.684302092 0.003488077084
38817 1 4304 1.693804383 0.00290587754
38818 1 4340 1.695748448 0.001207166235
38823 1 4545 1.69860971 0.001849431545
38879 1 6685 1.688707352 0.001482932246
38949 1 9116 1.705931187 0.004440154415
39016 1 1860 1.697569847 0.003725644667
39023 1 2187 1.699774742 0.001492211362
39126 1 6263 1.687902927 0.002527844626
39200 1 8502 1.686676383 0.002626083326
39256 1 578 1.70456028 0.003680913011
39293 1 2146 1.687745452 0.002348726848
39297 1 2234 1.698175669 0.002379472135
39305 1 2500 1.694222808 0.001898697577
39379 1 4982 1.691890836 0.001010150416
39399 1 5870 1.701624393 0.002325522481
39449 1 7811 1.701679349 0.002345505171
39492 1 9468 1.699632525 0.001550275483
39501 1 9766 1.697640061 0.001174506848
39546 1 1768 1.699179649 0.001290148706
39573 1 3168 1.699174881 0.002023403067
39671 1 7273 1.701767921 0.002116793999
39690 1 7951 1.69474709 0.001909170765
39718 1 9161 1.692467332 0.003203243483
39725 1 9362 1.690397978 0.001932588173
39856 1 3781 1.775700927 0.005644666497
39857 1 3864 1.702055454 0.002284478629
39936 1 6264 1.717885852 0.003322466742
39962 1 7186 1.697077036 0.001306990162
40079 1 1120 1.694483161 0.002481884789
40107 1 2339 1.701994419 0.003394792322
40131 1 3211 1.697903037 0.00413376186
40191 1 5426 1.704304338 0.002044683555
40211 1 5901 1.674940944 0.001581879565
40218 1 6140 1.699066758 0.00361334905
40223 1 6176 1.715832591 0.002206059638
40255 1 7411 1.692786217 0.003115359461
40284 1 8384 1.699901104 0.002205820521
40326 1 9644 1.696420908 0.004475035705
40331 1 9846 1.700657487 0.00211147638
40385 1 1931 1.684683323 0.001192766591
40392 1 2080 1.688020587 0.002179208212
40405 1 2532 1.697561502 0.002683214843
40434 1 3590 1.707917094 0.002240903908
40471 1 4853 1.693045735 0.001286561717
40480 1 5195 1.704268932 0.002673759824
40501 1 5735 1.698031783 0.002130532637
40569 1 8665 1.693961143 0.002862575464
40570 1 8665 1.693757892 0.002858276246
40573 1 8701 1.702848554 0.001958718291
40626 1 1027 1.702632785 0.002100719837
40652 1 1828 1.696221709 0.004827138968
40686 1 3170 1.703085542 0.003298840951
40766 1 6300 1.69544363 0.003745470196
40770 1 6378 1.694767118 0.001657484099
40870 1 9801 1.695751548 0.001788492315
40975 1 4223 1.694702387 0.003324122867
40996 1 5022 1.69864738 0.001761640073
41186 1 1846 1.683092356 0.00211063819
41210 1 2686 1.693199515 0.003051944543
41215 1 2910 1.693653703 0.001377552282
41248 1 3837 1.649398923 0.001570673077
41285 1 5545 1.707473397 0.002311699325
41299 1 6443 1.692383885 0.002072162461
41332 1 7835 1.705334067 0.001866632141
41333 1 7873 1.694962502 0.001307985513
41363 1 9018 1.701045275 0.001392260194
41431 1 2125 1.67733407 0.001564716338
41439 1 2573 1.685574412 0.003195004072
41457 1 3146 1.698412538 0.001352930441
41499 1 4829 1.688632846 0.001466704765
41554 1 6630 1.698503613 0.002115397481
41594 1 8431 1.69747746 0.002547147451
41602 1 8806 1.695627451 0.001570604392
41605 1 8835 1.705878139 0.00148847769
41702 1 2845 1.694432139 0.001636779052
41859 1 8771 1.694050789 0.003583447309
41879 1 9448 1.681128025 0.00166284258
41908 1 853 1.705127239 0.001746048918
41918 1 1247 1.690459251 0.00300575234
41927 1 1845 1.707618833 0.002838750836
41963 1 2977 1.699011326 0.001458528801
41981 1 3571 1.695593119 0.001187669928
42001 1 4420 1.687224746 0.003493688069
42006 1 4555 1.701562524 0.001991570694
42040 1 6148 1.645957708 0.002169944579
42041 1 6303 1.70033896 0.002828627359
42050 1 6695 1.69947505 0.002644414548
42069 1 7311 1.699958086 0.002176689915
42080 1 7610 1.700512171 0.001605238067
42102 1 8545 1.693269014 0.007440946996
42115 1 8850 1.698902488 0.002616290469
42132 1 9544 1.701034427 0.002108352026
42152 1 174 1.696986318 0.003028340172
42214 1 2323 1.696254849 0.002716638613
42273 1 4278 1.7002455 0.001928845886
42278 1 4401 1.711822987 0.004510405473
42304 1 5055 1.703818917 0.001510519767
42326 1 5841 1.692032933 0.001786060515
42390 1 8457 1.69745338 0.003474022495
42522 1 2642 1.698465466 0.001957294531
42527 1 2890 1.687947512 0.001700710389
42540 1 3233 1.695411086 0.003309316467
42560 1 4271 1.690449357 0.002469429048
42573 1 4790 1.700060964 0.003044678131
42580 1 5095 1.695569873 0.002274479717
42595 1 5470 1.703232288 0.002585696755
42604 1 6088 1.701274633 0.004888989497
42619 1 6864 1.690408111 0.001269181259
42687 1 9086 1.709405303 0.001875518705
42700 1 9428 1.69883275 0.002031549811
42742 1 1323 1.69083333 0.00539313443
42781 1 2686 1.700765729 0.002020027721
42821 1 4162 1.691506028 0.002381395083
42836 1 4832 1.714093685 0.002528233221
42886 1 6588 1.692958474 0.001216102508
42904 1 7133 1.699095488 0.001453068806
42913 1 7373 1.696622729 0.001444842084
42931 1 7961 1.690882802 0.001985732699
42947 1 8568 1.690888286 0.00157887768
42950 1 8589 1.695304036 0.002950649709
42953 1 8656 1.693464518 0.001787644462
43017 1 1022 1.699893475 0.001474030083
43026 1 1772 1.697026849 0.001561790705
43029 1 1913 1.699993014 0.001940650633
43034 1 2104 1.702923894 0.005030952394
43077 1 3679 1.714278221 0.002739596879
43096 1 4489 1.691133976 0.001085815253
43201 1 7740 1.686375022 0.002147485735
43247 1 9822 1.698791385 0.003782465123
43261 1 325 1.699465394 0.003306681989
43321 1 2711 1.705013156 0.002303938614
43350 1 3587 1.693881512 0.001283166232
43380 1 4668 1.706088901 0.003188135102
43426 1 6439 1.697996259 0.001998703461
43439 1 6785 1.703845978 0.003138747066
43527 1 767 1.72527504 0.001561530284
43535 1 979 1.694850922 0.003424197203
43545 1 1277 1.694577694 0.001240248675
43553 1 1633 1.707100272 0.002226373879
43556 1 1850 1.708788037 0.004290086683
43560 1 2135 1.697729111 0.001219012775
43561 1 2178 1.697947145 0.001631400548
43687 1 6527 1.698566914 0.002177126007
43738 1 8729 1.703999996 0.001904255012
43743 1 8937 1.719159126 0.003399010981
43756 1 9574 1.697461605 0.001480167382
43758 1 9638 1.692673922 0.002105775755
43824 1 1761 1.683967948 0.001501310035
43829 1 2129 1.691994548 0.002150483429
43953 1 6419 1.698579073 0.002804010408
44015 1 8526 1.701120853 0.003830686212
44055 1 304 1.707426906 0.005417141132
44101 1 2067 1.696143389 0.001317798509
44145 1 3715 1.678054214 0.004423349164
44147 1 3960 1.702544212 0.003215990495
44190 1 5629 1.696775436 0.003908407874
44207 1 6098 1.700946569 0.003379341448
44238 1 7035 1.694037795 0.001793265343
44282 1 8550 1.692681313 0.001487232046
44336 1 419 1.698619723 0.001470713527
44339 1 594 1.701401472 0.002009175951
44364 1 1737 1.693798065 0.005339361262
44389 1 2584 1.702603698 0.002574207727
44398 1 3251 1.67669332 0.002981561003
44461 1 5205 1.690246582 0.003919962328
44465 1 5321 1.694488764 0.002046990441
44510 1 6898 1.693307042 0.002650339622
44579 1 9297 1.702090144 0.001996124862
44616 1 598 1.69692266 0.00356931868
44647 1 1421 1.700668335 0.001549987472
44668 1 2506 1.697193027 0.00659332145
44677 1 2667 1.698505998 0.001352407387
44731 1 4846 1.703697801 0.001765709836
44738 1 4971 1.695824742 0.002466352889
44760 1 5851 1.69066596 0.002072591335
44802 1 7603 1.693140984 0.001664744806
44823 1 8795 1.693825245 0.001031709951
44910 1 2358 1.698225975 0.001831704285
44961 1 4083 1.698253512 0.00217750622
45016 1 5747 1.708583951 0.001818611636
45116 1 9671 1.690104485 0.002222308656
45184 1 2705 1.692741632 0.004385958426
45299 1 7545 1.697926044 0.003027406987
45325 1 8067 1.696188331 0.001306839869
45345 1 8866 1.699434876 0.001593283727
45350 1 9172 1.674948692 0.001554725925
45393 1 732 1.693834901 0.00295648817
45415 1 1700 1.695463657 0.005896024872
45466 1 3661 1.694982767 0.001603607787
45540 1 5604 1.681656003 0.001950652804
45619 1 8825 1.705211878 0.001528475899
45628 1 9101 1.696652532 0.001982836518
45682 1 1499 1.703862429 0.003332114546
45837 1 8236 1.702733755 0.002337254351
45876 1 9834 1.701960683 0.001819623169
45882 1 185 1.703743935 0.002641260391
46015 1 4065 1.70715034 0.002250952646
46019 1 4130 1.68749094 0.002180440817
46052 1 5581 1.700635314 0.002119081095
46067 1 6299 1.695674419 0.002308288589
46162 1 9610 1.695972085 0.003333729925
46209 1 1705 1.692731738 0.001909104874
46257 1 3421 1.683477283 0.002587183844
46314 1 5392 1.691738844 0.004250730854
46350 1 6763 1.697296262 0.002749413252
46442 1 9764 1.697455287 0.002368340967
46454 1 377 1.696497917 0.00164034206
46468 1 756 1.693339348 0.002026467351
46549 1 3937 1.706389666 0.002995029557
46601 1 6015 1.694087625 0.002878906205
46616 1 6634 1.69982326 0.001443854533
46619 1 6707 1.697099924 0.002907364396
46674 1 8423 1.698184967 0.004254194908
46678 1 8476 1.693962574 0.002049807692
46709 1 9564 1.691378474 0.001235341886
46740 1 932 1.697757602 0.001310736523
46747 1 1106 1.699012995 0.002596347826
46789 1 2868 1.693354487 0.002498789225
46833 1 5005 1.698629379 0.003295444418
46913 1 7998 1.68582058 0.003305441933
46948 1 9291 1.695528507 0.002341712825
46964 1 9729 1.69949007 0.001533471514
46967 1 9825 1.694914222 0.003439583583
47000 1 1262 1.695507526 0.001936170971
47069 1 4328 1.703780651 0.00140636554
47078 1 4909 1.705098391 0.001777963713
47119 1 6896 1.693206787 0.001697698724
47143 1 7557 1.681453705 0.003442913294
47234 1 1348 1.700517058 0.002272531157
47283 1 2638 1.699784636 0.004139106255
47323 1 4229 1.696276784 0.001396699459
47368 1 6488 1.693950891 0.001622254727
47386 1 7486 1.69210887 0.001315711997
47464 1 78 1.695918202 0.002641734201
47466 1 120 1.705347657 0.002091330942
47478 1 684 1.69686985 0.001150126802
47583 1 4644 1.693603873 0.002597993705
47601 1 5272 1.695707679 0.002374931239
47634 1 7086 1.699799776 0.003382172901
47658 1 7877 1.695533633 0.00272546662
47706 1 9288 1.695421457 0.002575261984
47782 1 2130 1.701504588 0.001247923938
47849 1 4232 1.691394806 0.001401003101
47898 1 5617 1.690428734 0.001972309081
48004 1 8972 1.700536489 0.002613160061
48068 1 803 1.699272394 0.002894308651
48090 1 1737 1.696654677 0.001886731596
48106 1 2493 1.695123434 0.001223098952
48189 1 5483 1.697079659 0.002268796321
48193 1 5595 1.695930004 0.001110794605
48466 1 5216 1.693505764 0.001484864391
48508 1 7063 1.709001541 0.004144185223
48680 1 2877 1.697707295 0.002068280475
48758 1 5918 1.687132835 0.002292997902
48772 1 6590 1.70548749 0.006385524757
48779 1 6677 1.68975389 0.002128027845
48781 1 6711 1.691105127 0.002798151458
48898 1 1340 1.685596466 0.001831486239
48932 1 2496 1.697826743 0.005746180657
48970 1 4162 1.699089289 0.007035746239
49031 1 7521 1.692543626 0.00295685255
49049 1 8026 1.700539231 0.001679335488
49063 1 8859 1.691868901 0.001610579551
49085 1 9526 1.692796946 0.001610631938
49159 1 2108 1.699838519 0.004142839462
49161 1 2185 1.70247376 0.001404176117
49169 1 2500 1.692732692 0.002674363786
49174 1 2559 1.684501529 0.001876424532
49236 1 4937 1.697758079 0.00201110146
49237 1 4983 1.69660449 0.001886260114
49250 1 5447 1.696093321 0.002096523764
49284 1 6925 1.698411822 0.002882729983
49403 1 564 1.690526009 0.002285586903
49404 1 613 1.713681817 0.002652605763
49414 1 994 1.69950211 0.001267904183
49517 1 5661 1.691143394 0.00182896771
49523 1 5872 1.69836843 0.003226805478
49524 1 5879 1.696287036 0.001940068905
49543 1 6643 1.699602604 0.004092907533
49544 1 6644 1.682710171 0.00306945527
49572 1 7767 1.702074647 0.001457783161
49670 1 1070 1.697762728 0.001460978412
49737 1 3585 1.697516799 0.001772064948
49798 1 5924 1.692729712 0.001825445681
49803 1 5959 1.695447087 0.001616551657
49814 1 6302 1.695009947 0.001426141709
49870 1 8502 1.695907831 0.00130906445
49871 1 8537 1.701770425 0.00227669673
49873 1 8579 1.689382076 0.00160595018
49883 1 8945 1.694377542 0.002049913397
49945 1 1317 1.717978716 0.004446314182
49952 1 1878 1.69477129 0.0025973476
49961 1 2245 1.699048162 0.003378015244
49967 1 2455 1.709453702 0.003057766939
49982 1 3186 1.696864128 0.002098298632
49983 1 3197 1.69149816 0.001755661797
50107 1 7493 1.692715168 0.002876565093
50117 1 7793 1.700281262 0.001682612696
50132 1 8257 1.699715495 0.002400541678
50160 1 9117 1.697277308 0.002856131876
50234 1 2241 1.703468323 0.00146103499
50240 1 2323 1.706261992 0.006146166474
50294 1 4590 1.696079493 0.002035014331
50402 1 8157 1.687606573 0.00274953316
50494 1 1851 1.699350238 0.003026505932
50500 1 2288 1.703285694 0.002390489681
50514 1 2799 1.692555189 0.002624094021
50525 1 3523 1.697771549 0.00219163415
50568 1 5268 1.680366039 0.002946500899
50578 1 5795 1.696947575 0.002643777058
50653 1 7889 1.699989557 0.001393108047
50693 1 9456 1.69644177 0.001577430055
50766 1 1993 1.693895698 0.003580871038
50797 1 2954 1.704355955 0.001354344073
50820 1 4067 1.684321761 0.002906809328
50857 1 5416 1.690264702 0.001930099796
50871 1 6346 1.696335673 0.002140382305
50885 1 6878 1.689425826 0.001927164849
50894 1 7266 1.700126052 0.003341844538
50904 1 7677 1.690408945 0.001742525143
50950 1 9369 1.684003949 0.003178742481
50981 1 727 1.689307809 0.002284789225
50990 1 1286 1.698302984 0.00136591203
51085 1 5155 1.704382896 0.002273648977
51109 1 6149 1.70130527 0.002291180892
51197 1 9381 1.678141594 0.002735418268
51259 1 1935 1.694616199 0.003042730503
51310 1 3711 1.699260592 0.001508735819
51335 1 4741 1.699965119 0.002705634572
51377 1 5981 1.697118044 0.003598219482
51442 1 8550 1.697883129 0.001594457077
51469 1 9706 1.688331962 0.002740114694
51473 1 9816 1.706048608 0.002660759725
51478 1 39 1.690958738 0.001308529289
51479 1 110 1.695014 0.004645480774
51490 1 716 1.683213353 0.001507216017
51552 1 2848 1.696657777 0.001704732538
51558 1 3069 1.677381396 0.002359319944
51561 1 3318 1.706890345 0.001774764038
51577 1 4173 1.700446248 0.002815236803
51589 1 4622 1.694290876 0.001905750949
51724 1 9324 1.693983793 0.002999851247
51729 1 9444 1.697016597 0.001454300713
51732 1 9577 1.695888281 0.001300485572
51785 1 1765 1.693838596 0.002524782671
51789 1 1838 1.678532362 0.002910787473
51807 1 2527 1.700396776 0.002756620059
51823 1 3129 1.713048816 0.005933234002
51829 1 3190 1.70604372 0.002537176711
51863 1 4527 1.70433712 0.002004459966
51900 1 6340 1.698779106 0.001492589596
51910 1 6523 1.731364369 0.004996427801
51953 1 8083 1.69462049 0.004843067843
51975 1 9010 1.694095612 0.002333965618
52020 1 509 1.70684576 0.001623139833
52049 1 1682 1.698846817 0.002567888703
52069 1 2594 1.699204564 0.002974531148
52084 1 3259 1.697675347 0.003430993529
52100 1 3989 1.694063187 0.001313081593
52114 1 4399 1.700680614 0.004402656574
52176 1 6677 1.701576591 0.001405800227
52202 1 7550 1.700876355 0.00390655268
52205 1 7634 1.693733811 0.002367764013
52220 1 8289 1.693342328 0.003105055075
52228 1 8537 1.69169569 0.00513826916
52249 1 9571 1.692459106 0.001303536003
52300 1 956 1.687675357 0.002131347312
52378 1 3778 1.688733816 0.003650688799
52408 1 5008 1.697160363 0.001846790779
52439 1 6616 1.696853161 0.002215267858
52532 1 9938 1.70433116 0.001892058644
52545 1 438 1.705829501 0.0039263363
52564 1 1195 1.69922936 0.002501615789
52754 1 9275 1.694911838 0.001878097886
52769 1 58 1.699343324 0.001858034986
52783 1 515 1.697603703 0.00182453962
52784 1 516 1.699539661 0.002860611072
52792 1 753 1.688910961 0.002838857239
52817 1 1916 1.688006043 0.002997283125
52956 1 7405 1.692201614 0.002904488007
52960 1 7578 1.703559399 0.001886601327
53016 1 9938 1.688284993 0.00336637022
53078 1 1879 1.700346231 0.0026446681
53123 1 3476 1.690783978 0.004264661577
53230 1 7808 1.695446849 0.00256536738
53355 1 2297 1.69862926 0.001427678857
53356 1 2317 1.693966746 0.002637525788
53371 1 2929 1.67784667 0.002861891175
53387 1 3756 1.703648567 0.001772032934
53405 1 4532 1.697729588 0.001987305703
53436 1 5686 1.698183179 0.001506442204
53473 1 7348 1.6991359 0.007130506448
53479 1 7561 1.698262572 0.00199693162
53587 1 1252 1.698538899 0.002603391185
53678 1 4514 1.698714972 0.002942224266
53714 1 5761 1.694052219 0.001146478346
53807 1 9761 1.693308592 0.002294282196
53814 1 9960 1.700437069 0.002101016697
53815 1 9992 1.698436141 0.001815593918
53888 1 2969 1.729455352 0.002068945207
53945 1 5066 1.698897004 0.002010640223
53965 1 5952 1.703053594 0.002562563866
54004 1 7521 1.693236351 0.004880882334
54027 1 8240 1.697058916 0.002725576516
54052 1 9196 1.697544336 0.001570716151
54061 1 9594 1.691185236 0.00165641075
54115 1 1068 1.69939363 0.002049589762
54165 1 2501 1.701521993 0.003812063485
54171 1 2861 1.692702889 0.002745672595
54174 1 2942 1.663636327 0.005247960333
54253 1 5660 1.690924168 0.001907729078
54380 1 852 1.690102816 0.002274779836
54477 1 4828 1.68610847 0.005164884031
54582 1 8662 1.70195353 0.002501071198
54583 1 8668 1.692495704 0.004395438358
54595 1 9062 1.694808364 0.001267451211
54616 1 9905 1.694433331 0.002463665558
54628 1 646 1.700535536 0.002380787861
54777 1 6340 1.699202299 0.002449450316
54844 1 9237 1.692252159 0.001181684202
54865 1 108 1.691206098 0.001910013845
54880 1 652 1.69510448 0.001228853595
54986 1 4572 1.701197505 0.001664330135
55158 1 1284 1.698928952 0.001533622039
55159 1 1395 1.697360873 0.003361731535
55167 1 1749 1.685931087 0.003237839788
55197 1 2996 1.693271399 0.001107413555
55243 1 4545 1.684017181 0.003284002887
55265 1 5422 1.696771383 0.002606173046
55269 1 5539 1.679396868 0.004073983524
55296 1 6521 1.696846962 0.002500656294
55334 1 7727 1.70306468 0.002563270973
55345 1 7977 1.693637013 0.002274738392
55398 1 9994 1.70090282 0.002564109396
55414 1 495 1.699516177 0.002002235735
55508 1 3626 1.703442693 0.002709625755
55523 1 3936 1.695071101 0.001437112805
55573 1 5228 1.699324846 0.002998328302
55594 1 5771 1.701192975 0.001854539616
55610 1 6316 1.699796557 0.004051531199
55666 1 8152 1.699859619 0.003793195589
55684 1 9117 1.695054412 0.003059362294
55698 1 9557 1.697816133 0.001421490917
55738 1 1018 1.685056448 0.005132007413
55777 1 2085 1.696555376 0.002697636141
55778 1 2085 1.696429849 0.002698046388
55818 1 3602 1.697359204 0.00131137867
55822 1 3773 1.701580524 0.004727116786
55827 1 3860 1.688878655 0.002769024111
55918 1 7277 1.69296205 0.004880161025
55982 1 388 1.692944169 0.002151868539
56017 1 1752 1.69310689 0.002262493363
56089 1 4091 1.691065311 0.001794275478
56180 1 7659 1.70143652 0.002774242079
56181 1 7682 1.694033027 0.001211388735
56203 1 8376 1.685550213 0.001905727782
56214 1 8945 1.696643949 0.001707412535
56281 1 1613 1.697377324 0.001963784685
56292 1 2288 1.694817305 0.00348810642
56298 1 2499 1.701293945 0.001722795656
56302 1 2579 1.69248867 0.003865462961
56354 1 4490 1.699857116 0.002805955242
56362 1 4719 1.696936727 0.003007108113
56369 1 4914 1.694163918 0.001444298541
56371 1 5213 1.69689095 0.007403143216
56474 1 9202 1.697216392 0.002137116389
56485 1 9593 1.700742483 0.002151025226
56518 1 916 1.698662043 0.002550451085
56552 1 2018 1.699635267 0.001428663847
56629 1 4584 1.676606894 0.001315762987
56651 1 5320 1.692124844 0.002726374427
56708 1 7326 1.692911386 0.008396863937
56743 1 8812 1.694204569 0.001214496675
56754 1 9478 1.684325814 0.00261476473
56767 1 9709 1.681444883 0.00167795294
56799 1 704 1.703015566 0.003206490306
56852 1 2386 1.69722712 0.001189965289
56856 1 2506 1.698753476 0.00365149416
56865 1 2745 1.697876692 0.003244841937
56866 1 2769 1.694941163 0.001740154461
56898 1 3646 1.665375948 0.002728088293
56954 1 5722 1.715090513 0.002523916773
57024 1 8304 1.697289228 0.001650629914
57049 1 9225 1.697262645 0.002125356812
57070 1 9891 1.697344661 0.001250724657
57121 1 1564 1.693680882 0.002150926739
57140 1 2277 1.690999269 0.003724078881
57185 1 4137 1.69670701 0.00170352112
57245 1 6201 1.702576876 0.001635150518
57363 1 658 1.695678949 0.001927660778
57374 1 986 1.698856115 0.001487467787
57378 1 1108 1.702324629 0.003630831372
57390 1 1636 1.687642932 0.00146125583
57457 1 5093 1.688473344 0.002348108217
57512 1 7504 1.681457281 0.00308045838
57517 1 7662 1.698087692 0.003823966719
57602 1 402 1.710919261 0.003385615768
57630 1 1643 1.697134256 0.002253781073
57663 1 3019 1.695398092 0.001736297621
57681 1 3688 1.690276504 0.00355706457
57725 1 5253 1.697986007 0.003972338978
57740 1 6132 1.689699769 0.003779323772
57753 1 6482 1.688339233 0.001601952594
57803 1 8555 1.693703175 0.002220754744
57808 1 8906 1.70143342 0.001733800513
57817 1 9174 1.701380968 0.004738713149
57852 1 892 1.694509268 0.00165672088
57923 1 3317 1.696773052 0.002810759936
57976 1 5124 1.698890448 0.002401820151
58047 1 7829 1.701595426 0.002052340657
58048 1 7926 1.691655636 0.002155181486
58109 1 9822 1.681095839 0.002393130446
58111 1 9822 1.684245467 0.002463947982
