             1955.620131        0.1301764120E-02    0.3080979561E-01   -0.1921313470E-01    -15799.14523         9152.264622         16289.59683        -5250.226883    
            0.2128672871-312
            0.1301764120E-02    0.5918440223E-06    0.3555681065E-07   -0.1279101460E-07   -0.1054225089E-01    0.6172195841E-02    0.1088462852E-01   -0.3605912197E-02
            0.6322573256-269
            0.3080979561E-01    0.3555681065E-07    0.4343072819E-05   -0.2953004442E-06   -0.2473386184        0.1486621357        0.2551226286       -0.8949220925E-01
            0.2128672871-312
           -0.1921313470E-01   -0.1279101460E-07   -0.2953004442E-06    0.3677682817E-04     13.47673489        -18.89744698        -5.497945999         10.93972685    
            0.6322540763-269
            -15799.14523       -0.1054225089E-01   -0.2473386184         13.47673489         8262340.984        -14880023.23        -530301.6917         7780949.997    
            0.6878686062-269
             9152.264622        0.6172195841E-02    0.1486621357        -18.89744698        -14880023.23         38979792.72        -19942800.06        -6735090.216    
            0.6359706104-269
             16289.59683        0.1088462852E-01    0.2551226286        -5.497945999        -530301.6917        -19942800.06         57276318.24        -38472787.44    
            0.6878685948-269
            -5250.226883       -0.3605912197E-02   -0.8949220925E-01     10.93972685         7780949.997        -6735090.216        -38472787.44         43065181.71    
            0.1591484389-313
                     nan        0.1458871979-311     2.062500000        0.5242326890-269     2.062500060        0.5236593592-269    0.7135745741-269    0.6322540763-269
             0.000000000    
