             7256.133750        0.3274278983E-06    0.2296947400E-06    0.9198327449E-07    0.5597717753E-04     15566201.35         103038284.1         253054883.4    
             306955607.0        0.3229000993E-03    0.5892602422E-06    0.3828566670E-05    0.1787415016E-01
            0.1230743944E-01   -0.1095462892E-06    0.1598888307E-08   -0.6397465706E-07     23.82886082        -32301136.05        -66874027.90        -217329417.9    
             17.54780704        0.1749146668E-05   -0.8815302450E-07   -0.1108721113E-05    0.5239770734-269
            0.1122888926E-01    0.2650911916E-08    0.4119434000E-06   -0.3275535465E-01    -36.36393752        -3203415.990        -27465207.60         7.913204293    
            0.9612830755E-01    0.2578548710E-05   -0.1157405003E-05    0.9500080672E-01    0.6673468788-315
            0.3768558264E-03    0.6182509663E-06    0.8628122082E-01    0.4569980029E-01    -17.27188836         27061306.34        -4.965272203        0.4190212576E-01
            0.2179484368       -0.4706682127E-03   -0.5265142473E-03    0.1689835394E-06    0.7128950876-269
            0.2307380122        0.1170889501       -0.2383136454E-01    0.4091478204E-01     32.92391231        -6.010370470       -0.2722401183E-01    0.2475149364E-01
            -8.205380554       -0.3941308046E-03   -0.1153677755E-08    0.1499503672E-06    0.2970794108-312
             44950.76096       -0.2796215769E-02   -0.1237373649       -0.5864366481E-01   -0.1384620650E-04   -0.3187543273E-01   -0.7347806056E-01    -3.967454199    
           -0.1391137355       -0.7591403830E-09   -0.8806634910E-09   -0.5559800702E-08    0.6789729580-269
            -3793.632788       -0.1828693858       -0.3053382742E-02    0.1534661562E-07   -0.6573489455E-07   -0.3311573319E-01     2.290566848        -12318.82138    
           -0.2528429610E-06   -0.6449629966E-09    0.1525132170E-09    0.7401857477E-05    0.1591484312-313
            -68786.80672       -0.4020705749E-01   -0.2215948983E-06    0.1069749515E-09   -0.9047092715E-07     2.982614272        -68786.80672       -0.4020705749E-01
           -0.2215948983E-06    0.1069749515E-09   -0.9047092715E-07     2.982614272        0.7128817292-269
            -12318.82138       -0.2528429610E-06   -0.6449629966E-09    0.1525132170E-09    0.7401857477E-05    -3793.632788       -0.1828693858       -0.3053382742E-02
            0.1534661562E-07   -0.6573489455E-07   -0.3311573319E-01     2.290566848        0.1877449454-321
           -0.1391137355       -0.7591403830E-09   -0.8806634910E-09   -0.5559800702E-08     44950.76096       -0.2796215769E-02   -0.1237373649       -0.5864366481E-01
           -0.1384620650E-04   -0.3187543273E-01   -0.7347806056E-01    -3.967454199        0.6425039699-269
           -0.3941308046E-03   -0.1153677755E-08    0.1499503672E-06    0.2307380122        0.1170889501       -0.2383136454E-01    0.4091478204E-01     32.92391231    
            -6.010370470       -0.2722401183E-01    0.2475149364E-01    -8.205380554        0.7128813795-269
           -0.5265142473E-03    0.1689835394E-06    0.3768558264E-03    0.6182509663E-06    0.8628122082E-01    0.4569980029E-01    -17.27188836         27061306.34    
            -4.965272203        0.4190212576E-01    0.2179484368       -0.4706682127E-03    0.6871869534-269
            0.9500080672E-01    0.1122888926E-01    0.2650911916E-08    0.4119434000E-06   -0.3275535465E-01    -36.36393752        -3203415.990        -27465207.60    
             7.913204293        0.9612830755E-01    0.2578548710E-05   -0.1157405003E-05    0.4940656458-323
