             930.7137107        0.9644673242E-06    0.2452839446E-06    0.4474321759E-06    0.4045813764E-03     1936293.566         13025810.19         31548154.57    
             37897635.01        0.1387965387E-02    0.5976253047E-06    0.3442063855E-05    0.1743464705E-01
            0.7807727691E-02   -0.1015309580E-06    0.3050595552E-08   -0.3881968610E-06     23.34474234        -4109090.608        -8546670.223        -27025065.05    
             12.72166678        0.1197140660E-05    0.4460137892E-07    0.2046920484E-06    0.5239770734-269
            0.2090485571E-02    0.2054161005E-08    0.4968326502E-06   -0.2322417490E-01    -38.37885711        -277757.3132        -3291851.334         4.257418168    
            0.1078441944E-01   -0.3237448497E-05    0.7113397322E-07   -0.1549884708E-01    0.6673468788-315
            0.1465986735E-03    0.2347552751E-05    0.1168421274E-01    0.3047440199E-01    -15.03130021         3388297.699        -3.886290646        0.4108294746E-02
           -0.4917380178E-01    0.4851251549E-03    0.9322782833E-04   -0.1267039837E-06    0.7128950876-269
            0.1692644956        0.4986084448E-01    0.3116229399E-03    0.3137714188E-01     34.97863165        -3.283372349       -0.3343733263E-02   -0.1502397305E-02
           -0.8604693052        0.6393937815E-05    0.1054480144E-08   -0.3428139047E-07    0.2970794108-312
             3601.671424        0.1653097103E-01   -0.1952015805E-01   -0.4104569362E-01   -0.3785925258E-04   -0.3017835632E-02    0.1745459071E-01   -0.2304491502    
            0.9178144088E-01    0.1312633506E-10    0.2411064401E-09   -0.9041520764E-08    0.6790191710-269
             1232.042398       -0.9223976919E-01   -0.3631179742E-02    0.1094680092E-06   -0.4452805565E-07    0.4910742726E-02    0.2582960049        -2450.292717    
            0.7221581021E-06    0.7906281466E-11   -0.1888468351E-09    0.9698952656E-06    0.1591484312-313
            -6661.441471       -0.3267139291E-01    0.1985029511E-06    0.8051394932E-10    0.1262590568E-06    0.1927328248        -6661.441471       -0.3267139291E-01
            0.1985029511E-06    0.8051394932E-10    0.1262590568E-06    0.1927328248        0.7128817292-269
            -2450.292717        0.7221581021E-06    0.7906281466E-11   -0.1888468351E-09    0.9698952656E-06     1232.042398       -0.9223976919E-01   -0.3631179742E-02
            0.1094680092E-06   -0.4452805565E-07    0.4910742726E-02    0.2582960049        0.1877449454-321
            0.9178144088E-01    0.1312633506E-10    0.2411064401E-09   -0.9041520764E-08     3601.671424        0.1653097103E-01   -0.1952015805E-01   -0.4104569362E-01
           -0.3785925258E-04   -0.3017835632E-02    0.1745459071E-01   -0.2304491502        0.6425039699-269
            0.6393937815E-05    0.1054480144E-08   -0.3428139047E-07    0.1692644956        0.4986084448E-01    0.3116229399E-03    0.3137714188E-01     34.97863165    
            -3.283372349       -0.3343733263E-02   -0.1502397305E-02   -0.8604693052        0.7128813795-269
            0.9322782833E-04   -0.1267039837E-06    0.1465986735E-03    0.2347552751E-05    0.1168421274E-01    0.3047440199E-01    -15.03130021         3388297.699    
            -3.886290646        0.4108294746E-02   -0.4917380178E-01    0.4851251549E-03    0.6871869534-269
           -0.1549884708E-01    0.2090485571E-02    0.2054161005E-08    0.4968326502E-06   -0.2322417490E-01    -38.37885711        -277757.3132        -3291851.334    
             4.257418168        0.1078441944E-01   -0.3237448497E-05    0.7113397322E-07    0.4940656458-323
