             400.7153691        0.5883645110E-06    0.3807666413E-05    0.3260385503E-03     24249056.56         281502294.3         671493624.3         438157044.2    
            0.1272236886E-02
            0.8725376805E-03    0.3038159154E-07   -0.4053552775E-06     80.58788064        -74801904.45        -323706701.1        -452893632.7       -0.4656317604E-02
            0.1877449454-321
            0.7634125128E-02   -0.4011404962E-07   -0.7907112386E-01    -220.3057173         53710000.65         95357362.64       -0.3818516765E-01    0.1517999292E-01
            0.6385816436-269
           -0.1862256855E-01   -0.6855541686E-02   -0.1146708467         111.2822198         8775085.378        0.1742758817E-01     2484.548980        0.5413927704E-10
            0.7099815152-269
            -3148.197055       -0.1852870763E-01    0.3592569776         68.08294407        0.7261420854E-02     18240.12385        0.4375201125E-02   -0.1593714177E-07
            0.6842408762-269
            -8900.536515        0.3917876713E-01   -0.2863938790E-01    0.4157968656E-07    -8900.536515        0.3917876713E-01   -0.2863938790E-01    0.4157968656E-07
            0.4940656458-323
             18240.12385        0.4375201125E-02   -0.1593714177E-07    -3148.197055       -0.1852870763E-01    0.3592569776         68.08294407        0.7261420854E-02
            0.6385816436-269
             2484.548980        0.5413927704E-10   -0.1862256855E-01   -0.6855541686E-02   -0.1146708467         111.2822198         8775085.378        0.1742758817E-01
            0.7099815152-269
            0.1517999292E-01    0.7634125128E-02   -0.4011404962E-07   -0.7907112386E-01    -220.3057173         53710000.65         95357362.64       -0.3818516765E-01
            0.4940656458-323
