             7251.681791        0.1226850105E-01    0.1123515738E-01    0.3610724221E-03    0.2320363219         46195.36651        -3699.521978        -70077.54318    
            -14542.13316       -0.3041701175       -0.2569054845E-03   -0.1037961333E-03   -0.2584104501E-04    0.1272225530    
            0.1226850105E-01    0.3270822764E-06   -0.1094848587E-06    0.2464853883E-08    0.6189261000E-06    0.1196102221       -0.3105951658E-02   -0.1851765374    
           -0.4427152819E-01   -0.5612621464E-06   -0.5129213659E-09   -0.3631064680E-09   -0.5084767769E-10    0.2289086131E-06
            0.1123515738E-01   -0.1094848587E-06    0.2296475529E-06    0.1615270045E-08    0.4143798861E-06    0.8840406187E-01   -0.2347142041E-01   -0.1260029019    
           -0.7160808352E-02   -0.4891080352E-06   -0.4288843280E-09   -0.1688600100E-09   -0.4288588600E-10    0.2023405384E-06
            0.3610724221E-03    0.2464853883E-08    0.1615270045E-08    0.9191025569E-07   -0.6488574268E-07   -0.3331731798E-01    0.4509985180E-01    0.4151309495E-01
           -0.5647704896E-01    0.4993009367E-07    0.1017555866E-09   -0.8823248119E-10    0.9437511013E-11   -0.1274236978E-07
            0.2320363219        0.6189261000E-06    0.4143798861E-06   -0.6488574268E-07    0.5593557686E-04     23.95235292        -35.81064494        -17.55946441    
             31.72856561       -0.3679734469E-04   -0.5578066392E-07    0.3370272191E-07   -0.5262546063E-08    0.1200488314E-04
             46195.36651        0.1196102221        0.8840406187E-01   -0.3331731798E-01     23.95235292         15735023.00        -32222353.67        -3391605.782    
             26625067.70        -17.03215254       -0.2842425189E-01    0.4069651955E-01   -0.2670079361E-02     5.236048385    
            -3699.521978       -0.3105951658E-02   -0.2347142041E-01    0.4509985180E-01    -35.81064494        -32222353.67         103553335.6        -67337860.77    
            -28117586.13        -14.12405457       -0.2453402127E-01   -0.4823752379E-01   -0.2333184790E-02     4.119122265    
            -70077.54318       -0.1851765374       -0.1260029019        0.4151309495E-01    -17.55946441        -3391605.782        -67337860.77         254168948.3    
            -217365155.0         22.12813049        0.3653421323E-01   -0.8798026883E-01    0.3369826692E-02    -6.854461417    
            -14542.13316       -0.4427152819E-01   -0.7160808352E-02   -0.5647704896E-01     31.72856561         26625067.70        -28117586.13        -217365155.0    
             309779669.6         50.40043593        0.8734097396E-01    0.9240960503E-01    0.8314571326E-02    -14.84857887    
           -0.3041701175       -0.5612621464E-06   -0.4891080352E-06    0.4993009367E-07   -0.3679734469E-04    -17.03215254        -14.12405457         22.12813049    
             50.40043593        0.1003903466E-02    0.1697575919E-05   -0.9012965431E-06    0.1757667032E-06   -0.9903000617E-03
           -0.2569054845E-03   -0.5129213659E-09   -0.4288843280E-09    0.1017555866E-09   -0.5578066392E-07   -0.2842425189E-01   -0.2453402127E-01    0.3653421323E-01
            0.8734097396E-01    0.1697575919E-05    0.8372459114E-06   -0.2497720711E-07   -0.1856502020E-10   -0.6779353304E-06
           -0.1037961333E-03   -0.3631064680E-09   -0.1688600100E-09   -0.8823248119E-10    0.3370272191E-07    0.4069651955E-01   -0.4823752379E-01   -0.8798026883E-01
            0.9240960503E-01   -0.9012965431E-06   -0.2497720711E-07    0.3884060004E-05   -0.5203790344E-09    0.2873302023E-06
           -0.2584104501E-04   -0.5084767769E-10   -0.4288588600E-10    0.9437511013E-11   -0.5262546063E-08   -0.2670079361E-02   -0.2333184790E-02    0.3369826692E-02
            0.8314571326E-02    0.1757667032E-06   -0.1856502020E-10   -0.5203790344E-09    0.9000406759E-07   -0.7114713686E-07
            0.1272225530        0.2289086131E-06    0.2023405384E-06   -0.1274236978E-07    0.1200488314E-04     5.236048385         4.119122265        -6.854461417    
            -14.84857887       -0.9903000617E-03   -0.6779353304E-06    0.2873302023E-06   -0.7114713686E-07    0.1800125043E-01
