             1956.408969        0.1311128456E-02    0.3083312275E-01   -0.1922014302E-01    -15803.77135         9154.361142         16294.95722        -5251.544220    
            0.6714561286-269
            0.1311128456E-02    0.5918602436E-06    0.3569676113E-07   -0.1288133027E-07   -0.1061560030E-01    0.6213983325E-02    0.1096029570E-01   -0.3629292960E-02
            0.9881312917-323
            0.3083312275E-01    0.3569676113E-07    0.4344245672E-05   -0.2955454706E-06   -0.2475044941        0.1487267181        0.2553044643       -0.8951582604E-01
            0.1273197475-312
           -0.1922014302E-01   -0.1288133027E-07   -0.2955454706E-06    0.3677956022E-04     13.47788775        -18.89906267        -5.498680916         10.94094521    
            -1.983173370    
            -15803.77135       -0.1061560030E-01   -0.2475044941         13.47788775         8262812.504        -14880732.97        -530478.6818         7781391.040    
            0.7057992409-269
             9154.361142        0.6213983325E-02    0.1487267181        -18.89906267        -14880732.97         38981403.84        -19943795.06        -6735083.936    
            -1.983173370    
             16294.95722        0.1096029570E-01    0.2553044643        -5.498680916        -530478.6818        -19943795.06         57279796.38        -38475238.04    
            0.7057992409-269
            -5251.544220       -0.3629292960E-02   -0.8951582604E-01     10.94094521         7781391.040        -6735083.936        -38475238.04         43067492.38    
            0.2128668506-312
            0.2052267453-288    0.6820111001-269     2.062500477         2.062629700        0.6816760674-269    -1.983051300        0.6714561400-269    -1.983112365    
            0.7040778075-269
