             6967.352195        0.1419955777E-06    0.2094385150E-06    0.9209853406E-07    0.5523245960E-04     15534500.75         103035208.3         252976293.7    
             306936299.0         2127.346956        0.5891821145E-06    0.3828200899E-05
            0.5288965035E-02   -0.4821236022E-07    0.2138548128E-08   -0.6705829368E-07     23.67662582        -32303058.07        -66868180.67        -217358321.0    
             45002.50270        0.4500894706E-02   -0.8827229442E-07    0.6673467207-315
            0.1349634362E-01    0.1069501458E-08    0.5246189103E-06   -0.3338693718E-01    -36.37981140        -3155399.778        -27462577.52         17523.46244    
            0.9511296931E-01    0.6674553484E-02   -0.2504327600E-03    0.7128835344-269
            0.3197167101E-03    0.2657827334E-06    0.1069191764        0.4576015834E-01    -17.03788137         27082050.91        -13052.39735        0.3882430459E-01
            0.2168582626       -0.9257975592E-04   -0.3071652754E-09    0.2758594529-312
            0.2157037739        0.5002969251E-01   -0.2540633607E-01    0.4187994275E-01     33.03143889        -13629.68072       -0.2723880375E-01    0.2182460322E-01
            -44.73853122       -0.1108470981E-09   -0.6102647622E-09    0.6789036385-269
             41733.82391       -0.1523465518E-02   -0.1562606106       -0.5846391905E-01   -0.2582938766E-01   -0.2983967564E-01   -0.7345342790E-01    -9569.690969    
           -0.5368336399E-04   -0.2348304284E-09    0.1689539176E-09    0.1591484312-313
            -4250.845361       -0.7831277201E-01   -0.6901947321E-02    0.5680518819E-04   -0.5577712151E-07   -0.3117114683E-01    -63928.00124       -0.1601056209E-01
           -0.1130840094E-03    0.1231302080E-09   -0.8108676432E-07    0.7128701759-269
            -63928.00124       -0.1601056209E-01   -0.1130840094E-03    0.1231302080E-09   -0.8108676432E-07    -4250.845361       -0.7831277201E-01   -0.6901947321E-02
            0.5680518819E-04   -0.5577712151E-07   -0.3117114683E-01    0.1877449454-321
            -9569.690969       -0.5368336399E-04   -0.2348304284E-09    0.1689539176E-09     41733.82391       -0.1523465518E-02   -0.1562606106       -0.5846391905E-01
           -0.2582938766E-01   -0.2983967564E-01   -0.7345342790E-01    0.6424288738-269
            -44.73853122       -0.1108470981E-09   -0.6102647622E-09    0.2157037739        0.5002969251E-01   -0.2540633607E-01    0.4187994275E-01     33.03143889    
            -13629.68072       -0.2723880375E-01    0.2182460322E-01    0.7128698262-269
           -0.9257975592E-04   -0.3071652754E-09    0.3197167101E-03    0.2657827334E-06    0.1069191764        0.4576015834E-01    -17.03788137         27082050.91    
            -13052.39735        0.3882430459E-01    0.2168582626        0.6871754002-269
           -0.2504327600E-03    0.1349634362E-01    0.1069501458E-08    0.5246189103E-06   -0.3338693718E-01    -36.37981140        -3155399.778        -27462577.52    
             17523.46244        0.9511296931E-01    0.6674553484E-02    0.4940656458-323
