             881.7324143       -0.8532312463E-07    0.7759500657E-06    0.3254242523         11.41547695         0.000000000       -0.9349591310E-01   -0.9611622382E-02
            0.7930569558E-09     0.000000000        0.6816760674-269
            0.3957462872E-02   -0.2775905431E-08    0.2598572158E-01   -0.2503729268        0.2368118180E-13     2208.109770       -0.1824350963E-01     11.41547695    
           -0.7941838906E-09     0.000000000        0.2599446463-312
            0.2673998317E-02    0.1189015290E-05   -0.2602264732E-01   -0.9611622382E-02     0.000000000        0.2990787462E-01   -0.2503729268         1111695.155    
           -0.5567727710E-09     0.000000000         2.062500477    
            0.6714720083E-04    0.2314229938E-01   -0.1824350963E-01    0.7640518247E-16     3570.227981       -0.2602264732E-01     363.5577087        -2854767.483    
            0.2771869219E-09    0.4000000000E-05    0.5676337858-312
            0.1610563902        0.2990787462E-01    0.9082452560E-02     0.000000000        0.2314229938E-01    0.3254242523         41865081.16         258804.5479    
            0.5867724645E-06     2.062500000        0.2553067664-312
             3570.227981       -0.9349591310E-01    0.7219535832E-14    0.1610563902        0.2598572158E-01    -453.3141077        -145693178.4         2486796.212    
             0.000000000         2.062500477        -1.982945442    
             2208.109770        0.1065838540E-01     0.000000000        0.1189015290E-05   -0.1081568469        -50581411.18         129752841.5        0.2771869219E-09
             0.000000000        0.2546394953-312    0.6816760674-269
            -10818.52425       -0.2603972234E-14    0.6714720083E-04    0.7759500657E-06     144.8274379         170269085.1         258804.5479         0.000000000    
             0.000000000        0.2188507923-313    0.2599446463-312
             1366.494750         0.000000000       -0.2775905431E-08   -0.1138462474E-05     15562285.77        -145693178.4       -0.5567727710E-09    0.8160762280E-10
             0.000000000        0.2599446463-312     2.062561512    
            0.8160762280E-10    0.2673998317E-02    0.2503532419E-08    0.1482890215E-02    -50581411.18        -2854767.483         0.000000000       -0.2603972234E-14
             0.000000000        0.6820111115-269             nan    
             0.000000000       -0.8532312463E-07    0.4079119278E-06     144.8274379         41865081.16       -0.7941838906E-09     1366.494750        0.7219535832E-14
             0.000000000         2.062549591       -0.5725674001-193
