             6955.802660        0.5279158117E-02    0.1347438613E-01    0.3120035072E-03    0.2159698776         42426.21087        -4557.784609        -64530.07816    
            -10231.41925        -123.4011165       -0.5635321697E-04   -0.1632906253E-03   -0.7318891662E-05
            0.5279158117E-02    0.1418351629E-06   -0.4812071486E-07    0.1028541198E-08    0.2658654152E-06    0.5085066672E-01   -0.1980799848E-02   -0.7898564362E-01
           -0.1667635086E-01   -0.1477604610E-03   -0.6734013228E-10   -0.2088408829E-09   -0.8736788248E-11
            0.1347438613E-01   -0.4812071486E-07    0.2094430365E-06    0.2120783921E-08    0.5249429072E-06    0.1085034331       -0.2590861239E-01   -0.1576427102    
           -0.8876188343E-02   -0.3124657417E-03   -0.1431496123E-09   -0.3676745630E-09   -0.1861874201E-10
            0.3120035072E-03    0.1028541198E-08    0.2120783921E-08    0.9212283628E-07   -0.6773205799E-07   -0.3394882809E-01    0.4519667835E-01    0.4245432102E-01
           -0.5631452822E-01    0.1629018058E-03    0.7776940068E-10   -0.8838436821E-10    0.1036275103E-10
            0.2159698776        0.2658654152E-06    0.5249429072E-06   -0.6773205799E-07    0.5512906431E-04     23.77508176        -35.84038615        -17.29391548    
             31.89525664       -0.7347854347E-01   -0.3490151227E-07    0.3137237437E-07   -0.4624328918E-08
             42426.21087        0.5085066672E-01    0.1085034331       -0.3394882809E-01     23.77508176         15695713.86        -32228122.85        -3333675.270    
             26661797.77        -39611.89939       -0.1902578398E-01    0.3998087276E-01   -0.2529425425E-02
            -4557.784609       -0.1980799848E-02   -0.2590861239E-01    0.4519667835E-01    -35.84038615        -32228122.85         103550163.9        -67324427.54    
            -28114815.85        -36685.33665       -0.1715653519E-01   -0.4844221261E-01   -0.2322914892E-02
            -64530.07816       -0.7898564362E-01   -0.1576427102        0.4245432102E-01    -17.29391548        -3333675.270        -67324427.54         254073596.8    
            -217415021.9         50540.48249        0.2427175322E-01   -0.8694402383E-01    0.3161778687E-02
            -10231.41925       -0.1667635086E-01   -0.8876188343E-02   -0.5631452822E-01     31.89525664         26661797.77        -28114815.85        -217415021.9    
             309745234.4         128384.4711        0.6062108256E-01    0.9344177282E-01    0.8207532541E-02
            -123.4011165       -0.1477604610E-03   -0.3124657417E-03    0.1629018058E-03   -0.7347854347E-01    -39611.89939        -36685.33665         50540.48249    
             128384.4711         6428.795692        0.3034874597E-02   -0.2281681599E-02    0.4472195825E-03
           -0.5635321697E-04   -0.6734013228E-10   -0.1431496123E-09    0.7776940068E-10   -0.3490151227E-07   -0.1902578398E-01   -0.1715653519E-01    0.2427175322E-01
            0.6062108256E-01    0.3034874597E-02    0.5869957216E-06   -0.1787826670E-07   -0.1619844455E-10
           -0.1632906253E-03   -0.2088408829E-09   -0.3676745630E-09   -0.8838436821E-10    0.3137237437E-07    0.3998087276E-01   -0.4844221261E-01   -0.8694402383E-01
            0.9344177282E-01   -0.2281681599E-02   -0.1787826670E-07    0.3883902227E-05   -0.5208363555E-09
           -0.7318891662E-05   -0.8736788248E-11   -0.1861874201E-10    0.1036275103E-10   -0.4624328918E-08   -0.2529425425E-02   -0.2322914892E-02    0.3161778687E-02
            0.8207532541E-02    0.4472195825E-03   -0.1619844455E-10   -0.5208363555E-09    0.9000369358E-07
