             888.5164468        0.1635104509E-02    0.2692807097E-02    0.1420308658E-03    0.1556886591         3331.363464         1050.685050        -6127.650221    
            -2130.750897        -10.08548442       -0.1525356782E-04    0.6335597660E-04   -0.9608834824E-06
            0.1635104509E-02    0.1982415567E-06   -0.1907857936E-07    0.6273415150E-09    0.4915520605E-06    0.1058175020E-01    0.3146914164E-02   -0.1936324079E-01
           -0.6539018647E-02   -0.3204056864E-04   -0.4845641616E-10    0.2007502399E-09   -0.3052132305E-11
            0.2692807097E-02   -0.1907857936E-07    0.2383236818E-06    0.3492097640E-08    0.6768638983E-06    0.1564863411E-01    0.1243390450E-02   -0.2663759623E-01
           -0.5790184889E-02   -0.4614295539E-04   -0.6975368460E-10    0.2823884787E-09   -0.4389253989E-11
            0.1420308658E-03    0.6273415150E-09    0.3492097640E-08    0.4625053074E-06   -0.4106553009E-06   -0.2461867518E-01    0.3121841981E-01    0.3315157765E-01
           -0.4096864486E-01    0.1272377610E-03    0.1912907081E-09   -0.5857217507E-09    0.1185616233E-10
            0.1556886591        0.4915520605E-06    0.6768638983E-06   -0.4106553009E-06    0.4012162634E-03     23.39121667        -37.95699828        -15.14529082    
             34.01832762       -0.7277371972E-01   -0.1094569629E-06    0.3350627898E-06   -0.6800038031E-08
             3331.363464        0.1058175020E-01    0.1564863411E-01   -0.2461867518E-01     23.39121667         1952558.504        -4099069.303        -294383.2565    
             3337686.763        -4829.332634       -0.7256888203E-02    0.2048406968E-01   -0.4501098188E-03
             1050.685050        0.3146914164E-02    0.1243390450E-02    0.3121841981E-01    -37.95699828        -4099069.303         13086138.65        -8600242.517    
            -3374642.568        -5235.986315       -0.7876794042E-02    0.2939650936E-01   -0.4852115735E-03
            -6127.650221       -0.1936324079E-01   -0.2663759623E-01    0.3315157765E-01    -15.14529082        -294383.2565        -8600242.517         31660469.29    
            -27019671.01         6446.100677        0.9697956686E-02   -0.2422699023E-01    0.6077798569E-03
            -2130.750897       -0.6539018647E-02   -0.5790184889E-02   -0.4096864486E-01     34.01832762         3337686.763        -3374642.568        -27019671.01    
             38232547.93         17062.79334        0.2565027750E-01   -0.9138475644E-01    0.1578324222E-02
            -10.08548442       -0.3204056864E-04   -0.4614295539E-04    0.1272377610E-03   -0.7277371972E-01    -4829.332634        -5235.986315         6446.100677    
             17062.79334         864.3488094        0.1314209211E-02   -0.4086511950E-02    0.7767838267E-04
           -0.1525356782E-04   -0.4845641616E-10   -0.6975368460E-10    0.1912907081E-09   -0.1094569629E-06   -0.7256888203E-02   -0.7876794042E-02    0.9697956686E-02
            0.2565027750E-01    0.1314209211E-02    0.5889394636E-06   -0.7936045749E-08    0.2355347619E-09
            0.6335597660E-04    0.2007502399E-09    0.2823884787E-09   -0.5857217507E-09    0.3350627898E-06    0.2048406968E-01    0.2939650936E-01   -0.2422699023E-01
           -0.9138475644E-01   -0.4086511950E-02   -0.7936045749E-08    0.3937226001E-05   -0.6764274336E-09
           -0.9608834824E-06   -0.3052132305E-11   -0.4389253989E-11    0.1185616233E-10   -0.6800038031E-08   -0.4501098188E-03   -0.4852115735E-03    0.6077798569E-03
            0.1578324222E-02    0.7767838267E-04    0.2355347619E-09   -0.6764274336E-09    0.9001530404E-07
