             6308.573669        0.1246496352E-01    0.6954548994E-02    0.4736936887E-03    0.2120692052         41703.70063        -5388.856128        -62187.32791    
            -9847.194029       -0.1980323696       -0.6853105709E-03   -0.4403636756E-03    0.0000000000E+00
            0.1246496352E-01    0.2711027305E-06   -0.1023150006E-06    0.3025495096E-08    0.5980906923E-06    0.1160962282       -0.6806822884E-02   -0.1798690817    
           -0.3442452733E-01   -0.4142891958E-06   -0.1516418549E-08   -0.1099339655E-08    0.0000000000E+00
            0.6954548994E-02   -0.1023150006E-06    0.2207664386E-06    0.2704269258E-08    0.3272504295E-06    0.6822903166E-01   -0.2783793830E-01   -0.8862369251E-01
            0.3929919038E-02   -0.2249314290E-06   -0.8024391800E-09   -0.5470443019E-09    0.0000000000E+00
            0.4736936887E-03    0.3025495096E-08    0.2704269258E-08    0.9222199248E-07   -0.5724416777E-07   -0.3176139283E-01    0.4600224503E-01    0.3901826186E-01
           -0.5905552447E-01    0.1732656379E-07    0.1865599464E-09    0.1263366975E-09    0.0000000000E+00
            0.2120692052        0.5980906923E-06    0.3272504295E-06   -0.5724416777E-07    0.5399567417E-04     23.25442414        -35.63791081        -16.82432440    
             32.35626391       -0.1987464884E-04   -0.1207421541E-06   -0.7902573513E-07    0.0000000000E+00
             41703.70063        0.1160962282        0.6822903166E-01   -0.3176139283E-01     23.25442414         15542049.57        -32417337.35        -3132433.908    
             27223133.50        -8.712411277       -0.5997973900E-01   -0.2732399046E-01    0.0000000000E+00
            -5388.856128       -0.6806822884E-02   -0.2783793830E-01    0.4600224503E-01    -35.63791081        -32417337.35         103708129.0        -67277864.47    
            -27860281.36        -6.862202801       -0.4932789571E-01   -0.7221611547E-01    0.0000000000E+00
            -62187.32791       -0.1798690817       -0.8862369251E-01    0.3901826186E-01    -16.82432440        -3132433.908        -67277864.47         254199519.8    
            -218281045.5         11.44213024        0.7875589230E-01    0.1566933455E-01    0.0000000000E+00
            -9847.194029       -0.3442452733E-01    0.3929919038E-02   -0.5905552447E-01     32.35626391         27223133.50        -27860281.36        -218281045.5    
             308590476.5         24.73020354        0.1769697034        0.2099184627        0.0000000000E+00
           -0.1980323696       -0.4142891958E-06   -0.2249314290E-06    0.1732656379E-07   -0.1987464884E-04    -8.712411277        -6.862202801         11.44213024    
             24.73020354        0.6412177160E-03    0.4595534587E-05    0.3292953654E-05    0.0000000000E+00
           -0.6853105709E-03   -0.1516418549E-08   -0.8024391800E-09    0.1865599464E-09   -0.1207421541E-06   -0.5997973900E-01   -0.4932789571E-01    0.7875589230E-01
            0.1769697034        0.4595534587E-05    0.1006458981E-05   -0.1627281014E-06    0.0000000000E+00
           -0.4403636756E-03   -0.1099339655E-08   -0.5470443019E-09    0.1263366975E-09   -0.7902573513E-07   -0.2732399046E-01   -0.7221611547E-01    0.1566933455E-01
            0.2099184627        0.3292953654E-05   -0.1627281014E-06    0.3813660813E-05    0.0000000000E+00
            0.0000000000E+00    0.0000000000E+00    0.0000000000E+00    0.0000000000E+00    0.0000000000E+00    0.0000000000E+00    0.0000000000E+00    0.0000000000E+00
            0.0000000000E+00    0.0000000000E+00    0.0000000000E+00    0.0000000000E+00    0.0000000000E+00
