             303.9103485        0.3869837874E-02    0.1507168583E-01   -0.2304681977E-01    -2371.350421         1370.300506         2475.544039        -820.2187402    
            0.2128672871-312
            0.3869837874E-02    0.6521894975E-06    0.2080341018E-06   -0.2834538325E-06   -0.2920572839E-01    0.1694633731E-01    0.3049579431E-01   -0.1020212137E-01
            0.6322573256-269
            0.1507168583E-01    0.2080341018E-06    0.4111888824E-05   -0.1093736187E-05   -0.1142107960        0.6830101683E-01    0.1192171210       -0.4257907677E-01
            0.2128672871-312
           -0.2304681977E-01   -0.2834538325E-06   -0.1093736187E-05    0.2581013876E-03     12.68589184        -18.47040250        -4.719535427         10.64997634    
            0.6322540763-269
            -2371.350421       -0.2920572839E-01   -0.1142107960         12.68589184         1016974.468        -1866155.129        -27629.12626         960582.7164    
            0.6878686062-269
             1370.300506        0.1694633731E-01    0.6830101683E-01    -18.47040250        -1866155.129         4927237.408        -2578558.243        -805321.7045    
            0.6359706104-269
             2475.544039        0.3049579431E-01    0.1192171210        -4.719535427        -27629.12626        -2578558.243         7221568.291        -4827042.808    
            0.6878685948-269
            -820.2187402       -0.1020212137E-01   -0.4257907677E-01     10.64997634         960582.7164        -805321.7045        -4827042.808         5367299.474    
            0.1591484389-313
                     nan        0.1458871979-311     2.062500000        0.5242326890-269     2.062500060        0.5236593592-269    0.7135745741-269    0.6322540763-269
             0.000000000    
