             889.1090148        0.1982593490E-06    0.2382813582E-06    0.4616377777E-06    0.4033564227E-03     1935683.403         13013712.11         31516612.44    
             37861748.37         255.3125075        0.5975726761E-06    0.3438519031E-05
            0.1638233043E-02   -0.1914559902E-07    0.3509679689E-08   -0.4067874613E-06     23.37325348        -4109764.763        -8534983.921        -27011252.73    
             5631.976689        0.5042809679E-03    0.4498875116E-07    0.6673467207-315
            0.2699973911E-02    0.6339088932E-09    0.6769676055E-06   -0.2413653735E-01    -38.62020414        -275410.0613        -3283803.383         2147.474832    
            0.1057730244E-01   -0.1399596304E-02    0.4548628062E-04    0.7128835344-269
            0.1446233098E-03    0.4910211270E-06    0.1535739124E-01    0.3147513551E-01    -14.92279193         3388832.189        -1745.233894        0.4094681620E-02
           -0.4897635195E-01   -0.6511815353E-05    0.1439480597E-09    0.2758594529-312
            0.1551398215        0.1034750134E-01    0.1498446687E-02    0.3272128052E-01     35.23705713        -1585.873529       -0.3290247329E-02   -0.9999490741E-03
            -3.407004044       -0.2073163519E-10    0.1958297847E-09    0.6789036385-269
             3249.467579        0.3371296262E-02   -0.2643952118E-01   -0.4243371257E-01   -0.2429472356E-01   -0.2990453363E-02    0.1736710586E-01    -2120.052923    
           -0.1084796110E-04   -0.2983861419E-10   -0.2026671880E-09    0.1591484841-313
             1118.868952       -0.1919638198E-01   -0.5690798399E-02    0.4212902393E-04   -0.4589298005E-07    0.4646592970E-02    -6060.027441       -0.6520261178E-02
           -0.1562664085E-04    0.7946991581E-10    0.1167289330E-06    0.7128701759-269
            -6060.027441       -0.6520261178E-02   -0.1562664085E-04    0.7946991581E-10    0.1167289330E-06     1118.868952       -0.1919638198E-01   -0.5690798399E-02
            0.4212902393E-04   -0.4589298005E-07    0.4646592970E-02    0.1877449454-321
            -2120.052923       -0.1084796110E-04   -0.2983861419E-10   -0.2026671880E-09     3249.467579        0.3371296262E-02   -0.2643952118E-01   -0.4243371257E-01
           -0.2429472356E-01   -0.2990453363E-02    0.1736710586E-01    0.6424288738-269
            -3.407004044       -0.2073163519E-10    0.1958297847E-09    0.1551398215        0.1034750134E-01    0.1498446687E-02    0.3272128052E-01     35.23705713    
            -1585.873529       -0.3290247329E-02   -0.9999490741E-03    0.7128698262-269
           -0.6511815353E-05    0.1439480597E-09    0.1446233098E-03    0.4910211270E-06    0.1535739124E-01    0.3147513551E-01    -14.92279193         3388832.189    
            -1745.233894        0.4094681620E-02   -0.4897635195E-01    0.6871754002-269
            0.4548628062E-04    0.2699973911E-02    0.6339088932E-09    0.6769676055E-06   -0.2413653735E-01    -38.62020414        -275410.0613        -3283803.383    
             2147.474832        0.1057730244E-01   -0.1399596304E-02    0.4940656458-323
