    -1162363.810    
    0.3726854588    
    0.3849621438    
    0.3974229716    
    0.4100601535    
    0.4228653817    
    0.4358298282    
    0.4489441522    
    0.4621985017    
    0.4755825266    
    0.4890853792    
    0.5026957328    
    0.5164017880    
    0.5301912893    
    0.5440515396    
    0.5579694178    
    0.5719313915    
    0.5859235419    
    0.5999315860    
    0.6139408937    
    0.6279365147    
    0.6419032077    
    0.6558254570    
    0.6696875103    
    0.6834734013    
    0.6971669843    
    0.7107519623    
    0.7242119177    
    0.7375303477    
    0.7506907017    
    0.7636764042    
    0.7764709010    
    0.7890576896    
    0.8014203512    
    0.8135425994    
    0.8254082961    
    0.8370015092    
    0.8483065341    
    0.8593079306    
    0.8699905635    
    0.8803396386    
    0.8903407297    
    0.8999798193    
    0.9092433282    
    0.9181181438    
    0.9265916678    
    0.9346518181    
    0.9422870871    
    0.9494865483    
    0.9562398917    
    0.9625374509    
    0.9683702166    
    0.9737298660    
    0.9786087801    
    0.9830000641    
    0.9868975584    
    0.9902958558    
    0.9931903163    
    0.9955770709    
    0.9974530443    
    0.9988159374    
    0.9996642571    
    0.9999972982    
    0.9998151590    
    0.9991187332    
    0.9979096982    
    0.9961905251    
    0.9939644559    
    0.9912355086    
    0.9880084511    
    0.9842887887    
    0.9800827695    
    0.9753973324    
    0.9702401219    
    0.9646194437    
    0.9585442546    
    0.9520241403    
    0.9450692810    
    0.9376904288    
    0.9298988912    
    0.9217064833    
    0.9131255139    
    0.9041687471    
    0.8948493807    
    0.8851809969    
    0.8751775468    
    0.8648533086    
    0.8542228621    
    0.8433010369    
    0.8321029075    
    0.8206437300    
    0.8089389324    
    0.7970040598    
    0.7848547589    
    0.7725067393    
    0.7599757311    
    0.7472774688    
    0.7344276516    
    0.7214419086    
    0.7083357736    
    0.6951246608    
    0.6818238318    
    0.6684483602    
    0.6550131209    
    0.6415327571    
    0.6280216504    
    0.6144939128    
    0.6009633481    
    0.5874434492    
    0.5739473656    
    0.5604878898    
    0.5470774421    
    0.5337280571    
    0.5204513625    
    0.5072585775    
    0.4941604979    
    0.4811674842    
    0.4682894435    
    0.4555358513    
    0.4429157176    
    0.4304375957    
    0.4181095762    
    0.4059392859    
    0.3939338861    
    0.3821000758    
    0.3704440903    
    0.3589717030    
    0.3476882354    
    0.3365985552    
    0.3257070855    
    0.3150178068    
    0.3045342724    
    0.2942596116    
    0.2841965372    
    0.2743473572    
    0.2647139864    
    0.2552979543    
    0.2461004201    
    0.2371221787    
    0.2283636793    
    0.2198250363    
    0.2115060373    
    0.2034061637    
    0.1955245986    
    0.1878602428    
    0.1804117287    
    0.1731774315    
    0.1661554875    
    0.1593438025    
    0.1527400705    
    0.1463417838    
    0.1401462476    
    0.1341505953    
    0.1283517987    
    0.1227466823    
    0.1173319370    
    0.1121041309    
    0.1070597225    
    0.1021950727    
    0.9750645507E-01
    0.9299006841E-01
    0.8864204776E-01
    0.8445847330E-01
    0.8043538256E-01
    0.7656877695E-01
    0.7285463494E-01
    0.6928891804E-01
    0.6586758046E-01
    0.6258657641E-01
    0.5944186927E-01
    0.5642943647E-01
    0.5354527859E-01
    0.5078542358E-01
    0.4814593510E-01
    0.4562291563E-01
    0.4321251335E-01
    0.4091092664E-01
    0.3871440771E-01
    0.3661926733E-01
    0.3462187854E-01
    0.3271867924E-01
    0.3090617598E-01
    0.2918094622E-01
    0.2753964071E-01
    0.2597898529E-01
    0.2449578295E-01
    0.2308691526E-01
    0.2174934300E-01
    0.2048010797E-01
    0.1927633290E-01
    0.1813522224E-01
    0.1705406227E-01
    0.1603022117E-01
    0.1506114890E-01
    0.1414437685E-01
    0.1327751723E-01
    0.1245826242E-01
    0.1168438425E-01
    0.1095373300E-01
    0.1026423628E-01
    0.9613898013E-02
    0.9000796993E-02
    0.8423085641E-02
    0.7878988451E-02
    0.7366800656E-02
    0.6884886466E-02
    0.6431677573E-02
    0.6005671438E-02
    0.5605429541E-02
    0.5229575754E-02
    0.4876794495E-02
    0.4545828941E-02
    0.4235479328E-02
    0.3944601052E-02
    0.3672103004E-02
    0.3416945667E-02
    0.3178139402E-02
    0.2954742683E-02
    0.2745860337E-02
    0.2550641827E-02
    0.2368279562E-02
    0.2198007201E-02
    0.2039098075E-02
    0.1890863468E-02
    0.1752651159E-02
    0.1623843797E-02
    0.1503857444E-02
    0.1392140087E-02
    0.1288170230E-02
    0.1191455488E-02
    0.1101531269E-02
    0.1017959446E-02
    0.9403271185E-03
    0.8682453762E-03
    0.8013481242E-03
    0.7392909595E-03
    0.6817500620E-03
    0.6284211465E-03
    0.5790184537E-03
    0.5332737709E-03
    0.4909355002E-03
    0.4517677690E-03
    0.4155495663E-03
    0.3820739265E-03
    0.3511471415E-03
    0.3225880218E-03
    0.2962271707E-03
    0.2719063131E-03
    0.2494776406E-03
    0.2288031987E-03
    0.2097543013E-03
    0.1922109690E-03
    0.1760614042E-03
    0.1612014869E-03
    0.1475343011E-03
    0.1349696844E-03
    0.1234238010E-03
    0.1128187408E-03
    0.1030821365E-03
    0.9414680717E-04
    0.8595041742E-04
    0.7843515877E-04
    0.7154744877E-04
    0.6523764815E-04
    0.5945979328E-04
    0.5417134712E-04
    0.4933296357E-04
    0.4490826612E-04
    0.4086364176E-04
    0.3716804623E-04
    0.3379282239E-04
    0.3071152976E-04
    0.2789978580E-04
    0.2533511668E-04
    0.2299681813E-04
    0.2086582590E-04
    0.1892459428E-04
    0.1715698317E-04
    0.1554815307E-04
    0.1408446654E-04
    0.1275339747E-04
    0.1154344574E-04
    0.1044405850E-04
    0.9445556802E-05
    0.8539067592E-05
    0.7716460528E-05
    0.6970289346E-05
    0.6293737625E-05
    0.5680568438E-05
    0.5125077978E-05
    0.4622052287E-05
    0.4166727552E-05
    0.3754753286E-05
    0.3382158352E-05
    0.3045319590E-05
    0.2740932870E-05
    0.2465986435E-05
    0.2217736299E-05
    0.1993683621E-05
    0.1791553840E-05
    0.1609277562E-05
    0.1444972851E-05
    0.1296929100E-05
    0.1163592130E-05
    0.1043550520E-05
    0.9355231187E-06
    0.8383475179E-06
    0.7509695520E-06
    0.6724336468E-06
    0.6018739947E-06
    0.5385064744E-06
    0.4816212703E-06
    0.4305761216E-06
    0.3847901520E-06
    0.3437382407E-06
    0.3069458887E-06
    0.2739845225E-06
    0.2444672289E-06
    0.2180448589E-06
    0.1944024805E-06
    0.1732561563E-06
    0.1543500024E-06
    0.1374535200E-06
    0.1223591698E-06
    0.1088801665E-06
    0.9684847810E-07
    0.8611300813E-07
    0.7653795019E-07
    0.6800129209E-07
    0.6039346453E-07
    0.5361611385E-07
    0.4758099239E-07
    0.4220895517E-07
    0.3742905116E-07
    0.3317770259E-07
    0.2939796313E-07
    0.2603884899E-07
    0.2305473299E-07
    0.2040480031E-07
    0.1805255624E-07
    0.1596538268E-07
    0.1411413907E-07
    0.1247280261E-07
    0.1101814460E-07
    0.9729439309E-08
    0.8588201917E-08
    0.7577953443E-08
    0.6684009152E-08
    0.5893288692E-08
    0.5194145832E-08
    0.4576215460E-08
    0.4030276609E-08
    0.3548129577E-08
    0.3122485854E-08
    0.2746869551E-08
    0.2415529256E-08
    0.2123359069E-08
    0.1865828034E-08
    0.1638917066E-08
    0.1439062628E-08
    0.1263106365E-08
    0.1108250217E-08
    0.9720163226E-09
    0.8522112853E-09
    0.7468943144E-09
    0.6543488353E-09
    0.5730572068E-09
    0.5016782218E-09
    0.4390270707E-09
    0.3840575358E-09
    0.3358461541E-09
    0.2935781438E-09
    0.2565349092E-09
    0.2240829380E-09
    0.1956639580E-09
    0.1707861921E-09
    0.1490166221E-09
    0.1299741134E-09
    0.1133233384E-09
    0.9876938680E-10
    0.8605299912E-10
    0.7494634838E-10
    0.6524930786E-10
    0.5678615448E-10
    0.4940265459E-10
    0.4296348843E-10
    0.3734997980E-10
    0.3245808845E-10
    0.2819664233E-10
    0.2448577709E-10
    0.2125556139E-10
    0.1844478568E-10
    0.1599989543E-10
    0.1387405217E-10
    0.1202630753E-10
    0.1042087621E-10
    0.9026497632E-11
    0.7815874236E-11
    0.6765178457E-11
    0.5853619749E-11
    0.5063064541E-11
    0.4377702792E-11
    0.3783755716E-11
    0.3269219361E-11
    0.2823640077E-11
    0.2437917846E-11
    0.2104134019E-11
    0.1815400620E-11
    0.1565728517E-11
    0.1349912101E-11
    0.1163428539E-11
    0.1002349738E-11
    0.8632654120E-12
    0.7432159745E-12
    0.6396339660E-12
    0.5502929286E-12
    0.4732628606E-12
    0.4068713790E-12
    0.3496698847E-12
    0.3004040871E-12
    0.2579883562E-12
    0.2214834011E-12
    0.1900768454E-12
    0.1630663483E-12
    0.1398449292E-12
    0.1198882127E-12
    0.1027433643E-12
    0.8801947146E-13
    0.7537920485E-13
    0.6453158214E-13
    0.5522569396E-13
    0.4724526664E-13
    0.4040394965E-13
    0.3454123615E-13
    0.2951893008E-13
    0.2521808895E-13
    0.2153637956E-13
    0.1838579145E-13
    0.1569066008E-13
    0.1338595893E-13
    0.1141582486E-13
    0.9732284122E-14
    0.8294153619E-14
    0.7066092680E-14
    0.6017785160E-14
    0.5123234876E-14
    0.4360158048E-14
    0.3709460179E-14
    0.3154785632E-14
    0.2682129793E-14
    0.2279505595E-14
    0.1936656555E-14
    0.1644810132E-14
    0.1396465749E-14
    0.1185212696E-14
    0.1005573762E-14
    0.8528709812E-15
    0.7231104695E-15
    0.6128836061E-15
    0.5192823257E-15
    0.4398265049E-15
    0.3724017456E-15
    0.3152060994E-15
    0.2667044405E-15
    0.2255894304E-15
    0.1907481127E-15
    0.1612333550E-15
    0.1362394260E-15
    0.1150811340E-15
    0.9717599670E-16
    0.8202902628E-16
    0.6921973411E-16
    0.5839104489E-16
    0.4923984240E-16
    0.4150890547E-16
    0.3498003690E-16
    0.2946820860E-16
    0.2481657420E-16
    0.2089222434E-16
    0.1758257273E-16
    0.1479228236E-16
    0.1244065108E-16
    0.1045938917E-16
    0.8790730348E-17
    0.7385827301E-17
    0.6203389179E-17
    0.5208524686E-17
    0.4371760665E-17
    0.3668209343E-17
    0.3076862319E-17
    0.2579992010E-17
    0.2162644502E-17
    0.1812209996E-17
    0.1518058986E-17
    0.1271234419E-17
    0.1064191145E-17
    0.8905755552E-18
    0.7450392646E-18
    0.6230816281E-18
    0.5209166641E-18
    0.4353606845E-18
    0.3637373882E-18
    0.3037977766E-18
    0.2536525752E-18
    0.2117152446E-18
    0.1766539206E-18
    0.1473509214E-18
    0.1228686208E-18
    0.1024207126E-18
    0.8534801231E-19
    0.7109809520E-19
    0.5920816283E-19
    0.4929063306E-19
    0.4102102677E-19
    0.3412778508E-19
    0.2838371585E-19
    0.2359880977E-19
    0.1961420790E-19
    0.1629714014E-19
    0.1353667819E-19
    0.1124017344E-19
    0.9330270861E-20
    0.7742406068E-20
    0.6422708641E-20
    0.5326245752E-20
    0.4415552105E-20
    0.3659399128E-20
    0.3031765666E-20
    0.2510976704E-20
    0.2078983607E-20
    0.1720762378E-20
    0.1423810907E-20
    0.1177729169E-20
    0.9738686187E-21
    0.8050396312E-21
    0.6652673655E-21
    0.5495881697E-21
    0.4538797913E-21
    0.3747199025E-21
    0.3092681784E-21
    0.2551681100E-21
    0.2104652339E-21
    0.1735390696E-21
    0.1430464928E-21
    0.1178746285E-21
    0.9710168243E-22
    0.7996438281E-22
    0.6583092544E-22
    0.5417850174E-22
    0.4457463540E-22
    0.3666169238E-22
    0.3014402478E-22
    0.2477730741E-22
    0.2035969373E-22
    0.1672448494E-22
    0.1373405447E-22
    0.1127481435E-22
    0.9253047114E-23
    0.7591454730E-23
    0.6226302509E-23
    0.5105056199E-23
    0.4184427551E-23
    0.3428758632E-23
    0.2808686256E-23
    0.2300038554E-23
    0.1882923575E-23
    0.1540976720E-23
    0.1260739588E-23
    0.1031147383E-23
    0.8431061596E-24
    0.6891441224E-24
    0.5631242716E-24
    0.4600075425E-24
    0.3756576919E-24
    0.3066806440E-24
    0.2502921971E-24
    0.2042091668E-24
    0.1665598236E-24
    0.1358102296E-24
    0.1107036758E-24
    0.9021090571E-25
    0.7348921444E-25
    0.5984885419E-25
    0.4872545083E-25
    0.3965735979E-25
    0.3226708598E-25
    0.2624604283E-25
    0.2134205170E-25
    0.1734909665E-25
    0.1409892636E-25
    0.1145417496E-25
    0.9302727257E-26
    0.7553106062E-26
    0.6130696450E-26
    0.4974656405E-26
    0.4035390141E-26
    0.3272481814E-26
    0.2653006666E-26
    0.2150150904E-26
    0.1742084245E-26
    0.1411039242E-26
    0.1142559611E-26
    0.9248868311E-27
    0.7484596379E-27
    0.6055058567E-27
    0.4897095781E-27
    0.3959398818E-27
    0.3200297887E-27
    0.2585962277E-27
    0.2088933889E-27
    0.1686933845E-27
    0.1361891032E-27
    0.1099151949E-27
    0.8868379809E-28
    0.7153228886E-28
    0.5768081053E-28
    0.4649776664E-28
    0.3747179094E-28
    0.3018898660E-28
    0.2431445024E-28
    0.1957727856E-28
    0.1575840442E-28
    0.1268073214E-28
    0.1020113959E-28
    0.8203995895E-29
    0.6595909220E-29
    0.5301472417E-29
    0.4259818076E-29
    0.3421829892E-29
    0.2747885954E-29
    0.2206033106E-29
    0.1770510442E-29
    0.1420555505E-29
    0.1139439525E-29
    0.9136877841E-30
    0.7324499081E-30
    0.5869913742E-30
    0.4702830164E-30
    0.3766697698E-30
    0.3016034041E-30
    0.2414269891E-30
    0.1932011073E-30
    0.1545637778E-30
    0.1236175877E-30
    0.9883877123E-31
    0.7900399425E-31
    0.6313141237E-31
    0.5043323325E-31
    0.4027755264E-31
    0.3215765704E-31
    0.2566734146E-31
    0.2048107034E-31
    0.1633803380E-31
    0.1302933974E-31
    0.1038772910E-31
    0.8279317012E-32
    0.6596965368E-32
    0.5254964629E-32
    0.4184768071E-32
    0.3331571182E-32
    0.2651569481E-32
    0.2109760918E-32
    0.1678185215E-32
    0.1334513783E-32
    0.1060920551E-32
    0.8431782359E-33
    0.6699351230E-33
    0.5321364893E-33
    0.4225619350E-33
    0.3354554440E-33
    0.2662297347E-33
    0.2112300101E-33
    0.1675452531E-33
    0.1328575335E-33
    0.1053217081E-33
    0.8346941299E-34
    0.6613245979E-34
    0.5238174374E-34
    0.4147852313E-34
    0.3283558647E-34
    0.2598630498E-34
    0.2055997811E-34
    0.1626219726E-34
    0.1285921233E-34
    0.1016548661E-34
    0.8033794970E-35
    0.6347346096E-35
    0.5013518028E-35
    0.3958877348E-35
    0.3125220614E-35
    0.2466428763E-35
    0.1945968652E-35
    0.1534908765E-35
    0.1210344101E-35
    0.9541459532E-36
    0.7519700269E-36
    0.5924696535E-36
    0.4666718984E-36
    0.3674829972E-36
    0.2892963853E-36
    0.2276821707E-36
    0.1791411636E-36
    0.1409101298E-36
    0.1108076108E-36
    0.8711192608E-37
    0.6846464953E-37
    0.5379426874E-37
    0.4225582350E-37
    0.3318319303E-37
    0.2605139078E-37
    0.2044677842E-37
    0.1604353990E-37
    0.1258510775E-37
    0.9869501187E-38
    0.7737757125E-38
    0.6064803048E-38
    0.4752259292E-38
    0.3722763673E-38
    0.2915498455E-38
    0.2282665480E-38
    0.1786709415E-38
    0.1398131048E-38
    0.1093765516E-38
    0.8554272182E-39
    0.6688434594E-39
    0.5228156565E-39
    0.4085596392E-39
    0.3191870105E-39
    0.2492974987E-39
    0.1946586441E-39
    0.1519541699E-39
    0.1185863770E-39
    0.9252100156E-40
    0.7216544421E-40
    0.5627322226E-40
    0.4386901753E-40
    0.3418989396E-40
    0.2663921454E-40
    0.2075052014E-40
    0.1615922629E-40
    0.1258045167E-40
    0.9791654856E-41
    0.7619039822E-41
    0.5926915928E-41
    0.4609372009E-41
    0.3583763313E-41
    0.2785617831E-41
    0.2164654038E-41
    0.1681668157E-41
    0.1306101834E-41
    0.1014142087E-41
    0.7872373509E-42
    0.6109389113E-42
    0.4739965568E-42
    0.3676528891E-42
    0.2850928092E-42
    0.2210141738E-42
    0.1712930163E-42
    0.1327226215E-42
    0.1028101750E-42
    0.7961835312E-43
    0.6164194286E-43
    0.4771177505E-43
    0.3691994512E-43
    0.2856161943E-43
    0.2208976065E-43
    0.1707991402E-43
    0.1320282697E-43
    0.1020316368E-43
    0.7882963897E-44
    0.6088791089E-44
    0.4701750165E-44
    0.3629736139E-44
    0.2801416503E-44
    0.2161561125E-44
    0.1667418669E-44
    0.1285905896E-44
    0.9914280343E-45
    0.7641889806E-45
    0.5888816259E-45
    0.4536730518E-45
    0.3494184208E-45
    0.2690521923E-45
    0.2071167806E-45
    0.1593977323E-45
    0.1226414230E-45
    0.9433666104E-46
    0.7254578555E-46
    0.5577406885E-46
    0.4286876886E-46
    0.3294111720E-46
    0.2530604970E-46
    0.1943565552E-46
    0.1492323318E-46
    0.1145554184E-46
    0.8791387381E-47
    0.6745099369E-47
    0.5173786787E-47
    0.3967510058E-47
    0.3041704084E-47
    0.2331338782E-47
    0.1786419314E-47
    0.1368519846E-47
    0.1048114086E-47
    0.8025200005E-48
    0.6143178113E-48
    0.4701326054E-48
    0.3596977704E-48
    0.2751346657E-48
    0.2103987527E-48
    0.1608538173E-48
    0.1229447636E-48
    0.9394620411E-49
    0.7176935796E-49
    0.5481375983E-49
    0.4185341650E-49
    0.3194943013E-49
    0.2438295186E-49
    0.1860374998E-49
    0.1419076606E-49
    0.1082187222E-49
    0.8250689934E-50
    0.6288825119E-50
    0.4792258545E-50
    0.3650921685E-50
    0.2780714700E-50
    0.2117395929E-50
    0.1611905289E-50
    0.1226786134E-50
    0.9334480934E-51
    0.7100738905E-51
    0.5400190243E-51
    0.4105885170E-51
    0.3121022139E-51
    0.2371806689E-51
    0.1801997598E-51
    0.1368742283E-51
    0.1039397821E-51
    0.7891047241E-52
    0.5989358269E-52
    0.4544842447E-52
    0.3447865713E-52
    0.2615019359E-52
    0.1982862555E-52
    0.1503154196E-52
    0.1139220414E-52
    0.8631879422E-53
    0.6538775694E-53
    0.4952004820E-53
    0.3749378722E-53
    0.2838123381E-53
    0.2147815761E-53
    0.1625012294E-53
    0.1229165135E-53
    0.9295181020E-54
    0.7027479516E-54
    0.5311724280E-54
    0.4013892502E-54
    0.3032426707E-54
    0.2290389426E-54
    0.1729509173E-54
    0.1305662738E-54
    0.9854482749E-55
    0.7435863699E-55
    0.5609496121E-55
    0.4230690043E-55
    0.3190021187E-55
    0.2404755962E-55
    0.1812356450E-55
    0.1365562147E-55
    0.1028666609E-55
    0.7746994019E-56
    0.5832936920E-56
    0.4390731719E-56
    0.3304320505E-56
    0.2486126074E-56
    0.1870078914E-56
    0.1406347332E-56
    0.1057355951E-56
    0.7947780588E-57
    0.5972644163E-57
    0.4487284507E-57
    0.3370519502E-57
    0.2531083271E-57
    0.1900257482E-57
    0.1426313447E-57
    0.1070321103E-57
    0.8029894936E-58
    0.6022854622E-58
    0.4516392926E-58
    0.3385929830E-58
    0.2537822033E-58
    0.1901697464E-58
    0.1424684901E-58
    0.1067071264E-58
    0.7990340977E-59
    0.5981836822E-59
    0.4477145947E-59
    0.3350159315E-59
    0.2506266573E-59
    0.1874505558E-59
    0.1401664107E-59
    0.1047849708E-59
    0.7831626067E-60
    0.5851980427E-60
    0.4371714990E-60
    0.3265118502E-60
    0.2438059296E-60
    0.1820069031E-60
    0.1358406701E-60
    0.1013608414E-60
    0.7561520051E-61
    0.5639577861E-61
    0.4205162156E-61
    0.3134856291E-61
    0.2336422274E-61
    0.1740940501E-61
    0.1296926861E-61
    0.9659309502E-62
    0.7192432444E-62
    0.5354324553E-62
    0.3985041586E-62
    0.2965243507E-62
    0.2205907433E-62
    0.1640641504E-62
    0.1219943366E-62
    0.9069122804E-63
    0.6740476641E-63
    0.5008592781E-63
    0.3720837463E-63
    0.2763539091E-63
    0.2052062266E-63
    0.1523405588E-63
    0.1130682603E-63
    0.8390080125E-64
    0.6224318595E-64
    0.4616553779E-64
    0.3423295889E-64
    0.2537882455E-64
    0.1881044937E-64
    0.1393886816E-64
    0.1032658198E-64
    0.7648680240E-65
    0.5663922542E-65
    0.4193233767E-65
    0.3103715331E-65
    0.2296760983E-65
    0.1699225070E-65
    0.1256861057E-65
    0.9294477144E-66
    0.6871697913E-66
    0.5079308973E-66
    0.3753589284E-66
    0.2773259383E-66
    0.2048499790E-66
    0.1512805587E-66
    0.1116945937E-66
    0.8244856369E-67
    0.6084655809E-67
    0.4489427778E-67
    0.3311677875E-67
    0.2442347071E-67
    0.1800814330E-67
    0.1327494819E-67
    0.9783610226E-68
    0.7208882209E-68
    0.5310547156E-68
    0.3911228893E-68
    0.2879982780E-68
    0.2120163305E-68
    0.1560456163E-68
    0.1148250750E-68
    0.8447435437E-69
    0.6213210572E-69
    0.4568886633E-69
    0.3358983586E-69
    0.2468929221E-69
    0.1814315159E-69
    0.1332969513E-69
    0.9791092997E-70
    0.7190277880E-70
    0.5279147360E-70
    0.3875123731E-70
    0.2843879007E-70
    0.2086606105E-70
    0.1530642340E-70
    0.1122563534E-70
    0.8230991750E-71
    0.6033891561E-71
    0.4422287799E-71
    0.3240415794E-71
    0.2373880123E-71
    0.1738686185E-71
    0.1273174893E-71
    0.9320934186E-72
    0.6822372019E-72
    0.4992476231E-72
    0.3652593410E-72
    0.2671723102E-72
    0.1953828393E-72
    0.1428519956E-72
    0.1044218060E-72
