    -1280934.459    
    0.8243927640    
    0.8117831482    
    0.7988994721    
    0.7857616453    
    0.7723896700    
    0.7588035856    
    0.7450234178    
    0.7310691378    
    0.7169606165    
    0.7027175811    
    0.6883595575    
    0.6739058551    
    0.6593755029    
    0.6447872215    
    0.6301593939    
    0.6155100165    
    0.6008566757    
    0.5862165192    
    0.5716062215    
    0.5570419604    
    0.5425393939    
    0.5281136433    
    0.5137792651    
    0.4995502360    
    0.4854399412    
    0.4714611590    
    0.4576260516    
    0.4439461554    
    0.4304323726    
    0.4170949708    
    0.4039435767    
    0.3909871781    
    0.3782341248    
    0.3656921281    
    0.3533682695    
    0.3412690087    
    0.3294001854    
    0.3177670325    
    0.3063741860    
    0.2952256987    
    0.2843250520    
    0.2736751698    
    0.2632784335    
    0.2531367007    
    0.2432513203    
    0.2336231501    
    0.2242525763    
    0.2151395327    
    0.2062835193    
    0.1976836222    
    0.1893385334    
    0.1812465731    
    0.1734057085    
    0.1658135735    
    0.1584674927    
    0.1513644963    
    0.1445013467    
    0.1378745533    
    0.1314803962    
    0.1253149421    
    0.1193740670    
    0.1136534725    
    0.1081487048    
    0.1028551721    
    0.9776816329E-01
    0.9288286196E-01
    0.8819436499E-01
    0.8369769744E-01
    0.7938782526E-01
    0.7525967328E-01
    0.7130813565E-01
    0.6752809047E-01
    0.6391441050E-01
    0.6046197657E-01
    0.5716568705E-01
    0.5402046845E-01
    0.5102128539E-01
    0.4816314910E-01
    0.4544112553E-01
    0.4285034349E-01
    0.4038600155E-01
    0.3804337332E-01
    0.3581781528E-01
    0.3370477014E-01
    0.3169977243E-01
    0.2979845242E-01
    0.2799653990E-01
    0.2628986673E-01
    0.2467437015E-01
    0.2314609461E-01
    0.2170119362E-01
    0.2033593079E-01
    0.1904668132E-01
    0.1782993209E-01
    0.1668228227E-01
    0.1560044300E-01
    0.1458123717E-01
    0.1362159851E-01
    0.1271857123E-01
    0.1186930825E-01
    0.1107107033E-01
    0.1032122410E-01
    0.9617240801E-02
    0.8956694015E-02
    0.8337257873E-02
    0.7756704734E-02
    0.7212903040E-02
    0.6703814996E-02
    0.6227493978E-02
    0.5782082172E-02
    0.5365808040E-02
    0.4976983602E-02
    0.4614001921E-02
    0.4275334419E-02
    0.3959528268E-02
    0.3665203699E-02
    0.3391051411E-02
    0.3135829875E-02
    0.2898362802E-02
    0.2677536565E-02
    0.2472297666E-02
    0.2281650193E-02
    0.2104653429E-02
    0.1940419457E-02
    0.1788110767E-02
    0.1646938025E-02
    0.1516157796E-02
    0.1395070418E-02
    0.1283017864E-02
    0.1179381723E-02
    0.1083581209E-02
    0.9950712740E-03
    0.9133407383E-03
    0.8379105383E-03
    0.7683320089E-03
    0.7041852327E-03
    0.6450774734E-03
    0.5906416707E-03
    0.5405349699E-03
    0.4944373574E-03
    0.4520503285E-03
    0.4130956231E-03
    0.3773140280E-03
    0.3444642260E-03
    0.3143217066E-03
    0.2866777312E-03
    0.2613383471E-03
    0.2381234534E-03
    0.2168659242E-03
    0.1974107651E-03
    0.1796143255E-03
    0.1633435524E-03
    0.1484752833E-03
    0.1348955807E-03
    0.1224991102E-03
    0.1111885459E-03
    0.1008740200E-03
    0.9147259938E-04
    0.8290779800E-04
    0.7510911758E-04
    0.6801161899E-04
    0.6155551766E-04
    0.5568580995E-04
    0.5035191811E-04
    0.4550736369E-04
    0.4110945876E-04
    0.3711902143E-04
    0.3350010766E-04
    0.3021976344E-04
    0.2724779365E-04
    0.2455654662E-04
    0.2212071487E-04
    0.1991714967E-04
    0.1792468878E-04
    0.1612399730E-04
    0.1449741958E-04
    0.1302884284E-04
    0.1170357041E-04
    0.1050820479E-04
    0.9430540002E-05
    0.8459461398E-05
    0.7584854011E-05
    0.6797517596E-05
    0.6089088696E-05
    0.5451968582E-05
    0.4879257229E-05
    0.4364692464E-05
    0.3902594152E-05
    0.3487812849E-05
    0.3115682826E-05
    0.2781978884E-05
    0.2482876842E-05
    0.2214917329E-05
    0.1974972696E-05
    0.1760216729E-05
    0.1568096903E-05
    0.1396309167E-05
    0.1242774854E-05
    0.1105619623E-05
    0.9831542517E-06
    0.8738571904E-06
    0.7763586204E-06
    0.6894259726E-06
    0.6119507590E-06
    0.5429366057E-06
    0.4814883810E-06
    0.4268023184E-06
    0.3781570768E-06
    0.3349056142E-06
    0.2964678371E-06
    0.2623239454E-06
    0.2320083983E-06
    0.2051044700E-06
    0.1812393202E-06
    0.1600795404E-06
    0.1413271384E-06
    0.1247159103E-06
    0.1100081713E-06
    0.9699180380E-07
    0.8547760971E-07
    0.7529691174E-07
    0.6629940726E-07
    0.5835123334E-07
    0.5133322737E-07
    0.4513936629E-07
    0.3967536479E-07
    0.3485741723E-07
    0.3061106980E-07
    0.2687021000E-07
    0.2357616066E-07
    0.2067686996E-07
    0.1812618568E-07
    0.1588320654E-07
    0.1391170288E-07
    0.1217959858E-07
    0.1065850882E-07
    0.9323327288E-08
    0.8151858623E-08
    0.7124490212E-08
    0.6223900072E-08
    0.5434796755E-08
    0.4743687813E-08
    0.4138673880E-08
    0.3609265570E-08
    0.3146220924E-08
    0.2741400894E-08
    0.2387641172E-08
    0.2078638439E-08
    0.1808849572E-08
    0.1573402242E-08
    0.1368015766E-08
    0.1188931089E-08
    0.1032848721E-08
    0.8968739579E-09
    0.7784683969E-09
    0.6754071403E-09
    0.5857409763E-09
    0.5077630257E-09
    0.4399793155E-09
    0.3810828244E-09
    0.3299306221E-09
    0.2855237392E-09
    0.2469894345E-09
    0.2135655953E-09
    0.1845870272E-09
    0.1594733946E-09
    0.1377186278E-09
    0.1188816228E-09
    0.1025780791E-09
    0.8847333595E-10
    0.7627609513E-10
    0.6573291852E-10
    0.5662340709E-10
    0.4875598143E-10
    0.4196418916E-10
    0.3610347463E-10
    0.3104835519E-10
    0.2668995456E-10
    0.2293384691E-10
    0.1969817655E-10
    0.1691201624E-10
    0.1451393565E-10
    0.1245075379E-10
    0.1067645186E-10
    0.9151226262E-11
    0.7840664829E-11
    0.6715029609E-11
    0.5748633499E-11
    0.4919298280E-11
    0.4207883779E-11
    0.3597879047E-11
    0.3075047456E-11
    0.2627118874E-11
    0.2243522660E-11
    0.1915156324E-11
    0.1634185028E-11
    0.1393868004E-11
    0.1188408349E-11
    0.1012822998E-11
    0.8628303752E-12
    0.7347532314E-12
    0.6254347178E-12
    0.5321659195E-12
    0.4526233162E-12
    0.3848148002E-12
    0.3270331587E-12
    0.2778159506E-12
    0.2359109659E-12
    0.2002464524E-12
    0.1699055159E-12
    0.1441040748E-12
    0.1221719122E-12
    0.1035363855E-12
    0.8770842942E-13
    0.7427053776E-13
    0.6286644348E-13
    0.5319226611E-13
    0.4498891912E-13
    0.3803560086E-13
    0.3214421670E-13
    0.2715460226E-13
    0.2293043337E-13
    0.1935572699E-13
    0.1633184719E-13
    0.1377494610E-13
    0.1161377686E-13
    0.9787825045E-14
    0.8245713883E-14
    0.6943842273E-14
    0.5845223827E-14
    0.4918496196E-14
    0.4137077081E-14
    0.3478445063E-14
    0.2923527176E-14
    0.2456177520E-14
    0.2062733793E-14
    0.1731640024E-14
    0.1453125838E-14
    0.1218934023E-14
    0.1022089008E-14
    0.8567003926E-15
    0.7177961404E-15
    0.6011811610E-15
    0.5033173230E-15
    0.4212218027E-15
    0.3523809630E-15
    0.2946774105E-15
    0.2463282617E-15
    0.2058329075E-15
    0.1719288362E-15
    0.1435542869E-15
    0.1198166890E-15
    0.9996600744E-16
    0.8337223396E-16
    0.6950639612E-16
    0.5792453022E-16
    0.4825417126E-16
    0.4018296425E-16
    0.3344906843E-16
    0.2783307588E-16
    0.2315120913E-16
    0.1924959627E-16
    0.1599945616E-16
    0.1329305001E-16
    0.1104027912E-16
    0.9165826637E-17
    0.7606757461E-17
    0.6310503562E-17
    0.5233173790E-17
    0.4338135999E-17
    0.3594828741E-17
    0.2977765249E-17
    0.2465699191E-17
    0.2040926106E-17
    0.1688698798E-17
    0.1396738183E-17
    0.1154824217E-17
    0.9544539927E-18
    0.7885559728E-18
    0.6512513377E-18
    0.5376547424E-18
    0.4437079933E-18
    0.3660413192E-18
    0.3018576777E-18
    0.2488363184E-18
    0.2050524208E-18
    0.1689101686E-18
    0.1390870265E-18
    0.1144873609E-18
    0.9420386724E-19
    0.7748548404E-19
    0.6371072795E-19
    0.5236553561E-19
    0.4302485966E-19
    0.3533739019E-19
    0.2901287350E-19
    0.2381159267E-19
    0.1953564431E-19
    0.1602170713E-19
    0.1313505099E-19
    0.1076457339E-19
    0.8818691173E-20
    0.7221939713E-20
    0.5912159775E-20
    0.4838170927E-20
    0.3957848413E-20
    0.3236533979E-20
    0.2645723253E-20
    0.2161981885E-20
    0.1766050997E-20
    0.1442109186E-20
    0.1177163867E-20
    0.9605494800E-21
    0.7835139896E-21
    0.6388782857E-21
    0.5207556856E-21
    0.4243210634E-21
    0.3456209033E-21
    0.2814170523E-21
    0.2290582682E-21
    0.1863746555E-21
    0.1515909281E-21
    0.1232551858E-21
    0.1001804508E-21
    0.8139668382E-22
    0.6611142991E-22
    0.5367754608E-22
    0.4356675150E-22
    0.3534795418E-22
    0.2866950015E-22
    0.2324464148E-22
    0.1883964137E-22
    0.1526404421E-22
    0.1236271787E-22
    0.1000934863E-22
    0.8101125196E-23
    0.6554396313E-23
    0.5301124822E-23
    0.4285993409E-23
    0.3464042838E-23
    0.2798745779E-23
    0.2260436159E-23
    0.1825029081E-23
    0.1472977911E-23
    0.1188424883E-23
    0.9585095505E-24
    0.7728060530E-24
    0.6228652450E-24
    0.5018423936E-24
    0.4041945086E-24
    0.3254343861E-24
    0.2619308125E-24
    0.2107463255E-24
    0.1695055223E-24
    0.1362882023E-24
    0.1095426890E-24
    0.8801554883E-25
    0.7069463036E-25
    0.5676290651E-25
    0.4556109398E-25
    0.3655738552E-25
    0.2932295495E-25
    0.2351213710E-25
    0.1884639938E-25
    0.1510138356E-25
    0.1209643224E-25
    0.9686128265E-26
    0.7753461568E-26
    0.6204313229E-26
    0.4963003644E-26
    0.3968701336E-26
    0.3172527051E-26
    0.2535219065E-26
    0.2025251825E-26
    0.1617320552E-26
    0.1291120734E-26
    0.1030365779E-26
    0.8219964963E-27
    0.6555451637E-27
    0.5226242131E-27
    0.4165151812E-27
    0.3318384375E-27
    0.2642878718E-27
    0.2104178658E-27
    0.1674722921E-27
    0.1332473059E-27
    0.1059812833E-27
    0.8426656991E-28
    0.6697874498E-28
    0.5321994075E-28
    0.4227344107E-28
    0.3356732935E-28
    0.2664539080E-28
    0.2114382998E-28
    0.1677264754E-28
    0.1330074978E-28
    0.1054404640E-28
    0.8355940000E-29
    0.6619730078E-29
    0.5242547251E-29
    0.4150511927E-29
    0.3284871311E-29
    0.2598918000E-29
    0.2055533013E-29
    0.1625227394E-29
    0.1284581760E-29
    0.1015003277E-29
    0.8017359467E-30
    0.6330727518E-30
    0.4997287972E-30
    0.3943426632E-30
    0.3110798783E-30
    0.2453177548E-30
    0.1933949299E-30
    0.1524124226E-30
    0.1200756551E-30
    0.9456904747E-31
    0.7445650630E-31
    0.5860248336E-31
    0.4610937597E-31
    0.3626790490E-31
    0.2851778706E-31
    0.2241658464E-31
    0.1761503330E-31
    0.1383751264E-31
    0.1086658958E-31
    0.8530791072E-32
    0.6694933777E-32
    0.5252479220E-32
    0.4119491476E-32
    0.3229863849E-32
    0.2531548769E-32
    0.1983581228E-32
    0.1553729541E-32
    0.1216641796E-32
    0.9523839080E-33
    0.7452869302E-33
    0.5830385019E-33
    0.4559669516E-33
    0.3564774271E-33
    0.2786078642E-33
    0.2176794876E-33
    0.1700217853E-33
    0.1327561654E-33
    0.1036258287E-33
    0.8086203356E-34
    0.6307899332E-34
    0.4919131492E-34
    0.3834915706E-34
    0.2988732578E-34
    0.2328532294E-34
    0.1813600287E-34
    0.1412098905E-34
    0.1099140014E-34
    0.8552742756E-35
    0.6653075021E-35
    0.5173734954E-35
    0.4022080959E-35
    0.3125809039E-35
    0.2428506144E-35
    0.1886171732E-35
    0.1464497521E-35
    0.1136741104E-35
    0.8820640627E-36
    0.6842336998E-36
    0.5306090904E-36
    0.4113494611E-36
    0.3187963398E-36
    0.2469914911E-36
    0.1913009205E-36
    0.1481216880E-36
    0.1146533883E-36
    0.8872007724E-37
    0.6863155393E-37
    0.5307533938E-37
    0.4103258500E-37
    0.3171262935E-37
    0.2450208410E-37
    0.1892523695E-37
    0.1461326550E-37
    0.1128030898E-37
    0.8704876505E-38
    0.6715405662E-38
    0.5179049170E-38
    0.3992970344E-38
    0.3077588298E-38
    0.2371338074E-38
    0.1826606761E-38
    0.1406583140E-38
    0.1082815919E-38
    0.8333220214E-39
    0.6411213094E-39
    0.4931020523E-39
    0.3791427665E-39
    0.2914326660E-39
    0.2239459923E-39
    0.1720355066E-39
    0.1321182273E-39
    0.1014325538E-39
    0.7785061988E-40
    0.5973336806E-40
    0.4581864762E-40
    0.3513484017E-40
    0.2693421187E-40
    0.2064150004E-40
    0.1581426640E-40
    0.1211233233E-40
    0.9274223486E-41
    0.7099021745E-41
    0.5432387539E-41
    0.4155797603E-41
    0.3178261010E-41
    0.2429944622E-41
    0.1857269618E-41
    0.1419140555E-41
    0.1084046386E-41
    0.8278324329E-42
    0.6319885959E-42
    0.4823345744E-42
    0.3680103341E-42
    0.2807011674E-42
    0.2140430459E-42
    0.1631664419E-42
    0.1243464810E-42
    0.9473472602E-43
    0.7215361151E-43
    0.5493893365E-43
    0.4181920534E-43
    0.3182327241E-43
    0.2420959509E-43
    0.1841212692E-43
    0.1399891095E-43
    0.1064041373E-43
    0.8085313571E-44
    0.6141994485E-44
    0.4664405447E-44
    0.3541258232E-44
    0.2687778308E-44
    0.2039407213E-44
    0.1546996133E-44
    0.1173138788E-44
    0.8893742635E-45
    0.6740542254E-45
    0.5107170259E-45
    0.3868487320E-45
    0.2929391859E-45
    0.2217631219E-45
    0.1678328077E-45
    0.1269814208E-45
    0.9604602675E-46
    0.7262642016E-46
    0.5490172591E-46
    0.4149097027E-46
    0.3134711186E-46
    0.2367652357E-46
    0.1787783416E-46
    0.1349548685E-46
    0.1018448328E-46
    0.7683628240E-47
    0.5795230359E-47
    0.4369705657E-47
    0.3293903708E-47
    0.2482258208E-47
    0.1870081212E-47
    0.1408482779E-47
    0.1060523478E-47
    0.7983012626E-48
    0.6007464801E-48
    0.4519533965E-48
    0.3399180160E-48
    0.2555835679E-48
    0.1921188608E-48
    0.1443728437E-48
    0.1084624881E-48
    0.8146147418E-49
    0.6116510515E-49
    0.4591282946E-49
    0.3445429462E-49
    0.2584828605E-49
    0.1938649638E-49
    0.1453604315E-49
    0.1089613521E-49
    0.8165415247E-50
    0.6117355020E-50
    0.4581722898E-50
    0.3430629257E-50
    0.2568021703E-50
    0.1921779856E-50
    0.1437767742E-50
    0.1075360527E-50
    0.8040810100E-51
    0.6010712954E-51
    0.4491927571E-51
    0.3355986298E-51
    0.2506619400E-51
    0.1871705439E-51
    0.1397229035E-51
    0.1042746642E-51
    0.7779849575E-52
    0.5802897592E-52
    0.4327130820E-52
    0.3225794215E-52
    0.2404113203E-52
    0.1791244583E-52
    0.1334248410E-52
    0.9935744808E-53
    0.7396839536E-53
    0.5505212702E-53
    0.4096229204E-53
    0.3047030071E-53
    0.2265957075E-53
    0.1684647974E-53
    0.1252129658E-53
    0.9304053390E-54
    0.6911589611E-54
    0.5132945474E-54
    0.3810995342E-54
    0.2828742075E-54
    0.2099092344E-54
    0.1557231233E-54
    0.1154936571E-54
    0.8563409869E-55
    0.6347738037E-55
    0.4704083619E-55
    0.3485097578E-55
    0.2581302041E-55
    0.1911378862E-55
    0.1414942877E-55
    0.1047165461E-55
    0.7747758678E-56
    0.5730880274E-56
    0.4237904450E-56
    0.3133037984E-56
    0.2315607417E-56
    0.1710996327E-56
    0.1263915949E-56
    0.9334098578E-57
    0.6891467993E-57
    0.5086702912E-57
    0.3753586011E-57
    0.2769120395E-57
    0.2042315678E-57
    0.1505877237E-57
    0.1110048687E-57
    0.8180509380E-58
    0.6027047652E-58
    0.4439304765E-58
    0.3268973893E-58
    0.2406546153E-58
    0.1771182398E-58
    0.1303223275E-58
    0.9586518397E-59
    0.7050008421E-59
    0.5183285124E-59
    0.3809845802E-59
    0.2799604149E-59
    0.2056709197E-59
    0.1510554066E-59
    0.1109141309E-59
    0.8141881992E-60
    0.5975168269E-60
    0.4383923703E-60
    0.3215610513E-60
    0.2358042301E-60
    0.1728731486E-60
    0.1267043086E-60
    0.9284172764E-61
    0.6801162083E-61
    0.4980938892E-61
    0.3646931238E-61
    0.2669514620E-61
    0.1953554331E-61
    0.1429246840E-61
    0.1045388312E-61
    0.7644283458E-62
    0.5588365000E-62
    0.4084338039E-62
    0.2984335339E-62
    0.2180031069E-62
    0.1592087609E-62
    0.1162413242E-62
    0.8484837642E-63
    0.6191787125E-63
    0.4517291192E-63
    0.3294805912E-63
    0.2402544061E-63
    0.1751470202E-63
    0.1276509651E-63
    0.9301125509E-64
    0.6775432934E-64
    0.4934337291E-64
    0.3592617189E-64
    0.2615070943E-64
    0.1903033880E-64
    0.1384522978E-64
    0.1007034880E-64
    0.7322841670E-65
    0.5323602924E-65
    0.3869212984E-65
    0.2811452038E-65
    0.2042348603E-65
    0.1483270336E-65
    0.1076966227E-65
    0.7817633059E-66
    0.5673355463E-66
    0.4116198538E-66
    0.2985687361E-66
    0.2165130768E-66
    0.1569696936E-66
    0.1137730643E-66
    0.8244326026E-67
    0.5972594149E-67
    0.4325766666E-67
    0.3132243374E-67
    0.2267463599E-67
    0.1641034282E-67
    0.1187374109E-67
    0.8589149831E-68
    0.6211629654E-68
    0.4491111019E-68
    0.3246347263E-68
    0.2346006418E-68
    0.1694948641E-68
    0.1224269713E-68
    0.8840787845E-69
    0.6382608776E-69
    0.4606795755E-69
    0.3324246774E-69
    0.2398176875E-69
    0.1729668620E-69
    0.1247206691E-69
    0.8990997425E-70
    0.6479944981E-70
    0.4669053562E-70
    0.3363415894E-70
    0.2422292320E-70
    0.1744081942E-70
    0.1255456467E-70
    0.9035058240E-71
    0.6500621289E-71
    0.4675988946E-71
    0.3362690286E-71
    0.2417659490E-71
    0.1737794254E-71
    0.1248810727E-71
    0.8972015531E-72
    0.6444342658E-72
    0.4627671620E-72
    0.3322322817E-72
    0.2384605791E-72
    0.1711145418E-72
    0.1227588703E-72
    0.8804700241E-73
    0.6313527539E-73
    0.4526113900E-73
    0.3243955292E-73
    0.2324450530E-73
    0.1665182763E-73
    0.1192613551E-73
    0.8539528524E-74
    0.6113141515E-74
    0.4375135363E-74
    0.3130510100E-74
    0.2239419121E-74
    0.1601593848E-74
    0.1145160150E-74
    0.8186098496E-75
    0.5850388378E-75
    0.4180127231E-75
    0.2986011401E-75
    0.2132507971E-75
    0.1522604767E-75
    0.1086878789E-75
    0.7756620275E-76
    0.5534284997E-76
    0.3947736562E-76
    0.2815350956E-76
    0.2007311347E-76
    0.1430852409E-76
    0.1019701177E-76
    0.7265224972E-77
    0.5175155007E-77
    0.3685495511E-77
    0.2624017464E-77
    0.1867823989E-77
    0.1329240759E-77
    0.9457359707E-78
    0.6727207183E-78
    0.4784079792E-78
    0.3401424432E-78
    0.2417809720E-78
    0.1718234253E-78
    0.1220791987E-78
    0.8671616997E-79
    0.6158255608E-79
    0.4372346960E-79
    0.3103636771E-79
    0.2202554207E-79
    0.1562722437E-79
    0.1108502544E-79
    0.7861243097E-80
    0.5573724835E-80
    0.3950933021E-80
    0.2799972288E-80
    0.1983845309E-80
    0.1405277073E-80
    0.9952135519E-81
    0.7046457554E-81
    0.4987991720E-81
    0.3530051242E-81
    0.2497679870E-81
    0.1766823218E-81
    0.1249539703E-81
    0.8835024118E-82
    0.6245485594E-82
    0.4413931184E-82
    0.3118788022E-82
    0.2203165831E-82
    0.1556000121E-82
    0.1098685144E-82
    0.7756006096E-83
    0.5473994727E-83
    0.3862531454E-83
    0.2724841100E-83
    0.1921816465E-83
    0.1355140402E-83
    0.9553409790E-84
    0.6733398654E-84
    0.4744736918E-84
    0.3342657717E-84
    0.2354364592E-84
    0.1657897381E-84
    0.1167195941E-84
    0.8215465213E-85
    0.5781265318E-85
    0.4067392331E-85
    0.2860959638E-85
    0.2011916590E-85
    0.1414525781E-85
    0.9942932472E-86
    0.6987485512E-86
    0.4909420506E-86
    0.3448597443E-86
    0.2421908901E-86
    0.1700498355E-86
    0.1193707199E-86
    0.8377658826E-87
    0.5878288046E-87
    0.4123656370E-87
    0.2892128315E-87
    0.2027945180E-87
    0.1421669019E-87
    0.9964247383E-88
    0.6982232220E-88
    0.4891566221E-88
    0.3426143308E-88
    0.2399203689E-88
    0.1679704181E-88
    0.1175716585E-88
    0.8227667301E-89
    0.5756454908E-89
    0.4026594309E-89
    0.2815951049E-89
    0.1968869155E-89
    0.1376300336E-89
    0.9618652953E-90
    0.6720785707E-90
    0.4694946674E-90
    0.3279035972E-90
    0.2289637194E-90
    0.1598424795E-90
    0.1115636885E-90
    0.7785001738E-91
    0.5431250428E-91
    0.3788316729E-91
    0.2641789118E-91
    0.1841855254E-91
    0.1283862183E-91
    0.8947195863E-92
    0.6233919438E-92
    0.4342513748E-92
    0.3024315282E-92
    0.2105808372E-92
    0.1465941451E-92
    0.1020282563E-92
    0.7099543743E-93
    0.4939086419E-93
    0.3435334966E-93
    0.2388899643E-93
    0.1660860458E-93
    0.1154449346E-93
    0.8022748586E-94
    0.5574143223E-94
    0.3872039440E-94
    0.2689107749E-94
    0.1867168388E-94
    0.1296181122E-94
    0.8996112783E-95
    0.6242393708E-95
    0.4330664675E-95
    0.3003759541E-95
