    -129761.0355    
    0.5051246705    
    0.4895229063    
    0.4740885716    
    0.4588376946    
    0.4437853133    
    0.4289454721    
    0.4143312226    
    0.3999546269    
    0.3858267650    
    0.3719577450    
    0.3583567164    
    0.3450318856    
    0.3319905349    
    0.3192390433    
    0.3067829090    
    0.2946267750    
    0.2827744556    
    0.2712289645    
    0.2599925447    
    0.2490666991    
    0.2384522229    
    0.2281492352    
    0.2181572133    
    0.2084750257    
    0.1991009664    
    0.1900327890    
    0.1812677410    
    0.1728025976    
    0.1646336954    
    0.1567569660    
    0.1491679689    
    0.1418619232    
    0.1348337400    
    0.1280780523    
    0.1215892456    
    0.1153614865    
    0.1093887509    
    0.1036648508    
    0.9818346041E-01
    0.9293814059E-01
    0.8792236281E-01
    0.8312953147E-01
    0.7855300521E-01
    0.7418611699E-01
    0.7002219311E-01
    0.6605457081E-01
    0.6227661494E-01
    0.5868173335E-01
    0.5526339111E-01
    0.5201512367E-01
    0.4893054893E-01
    0.4600337819E-01
    0.4322742608E-01
    0.4059661953E-01
    0.3810500570E-01
    0.3574675906E-01
    0.3351618749E-01
    0.3140773764E-01
    0.2941599935E-01
    0.2753570941E-01
    0.2576175456E-01
    0.2408917373E-01
    0.2251315980E-01
    0.2102906058E-01
    0.1963237932E-01
    0.1831877475E-01
    0.1708406048E-01
    0.1592420413E-01
    0.1483532596E-01
    0.1381369710E-01
    0.1285573755E-01
    0.1195801380E-01
    0.1111723621E-01
    0.1033025610E-01
    0.9594062745E-02
    0.8905780072E-02
    0.8262663266E-02
    0.7662095229E-02
    0.7101582932E-02
    0.6578753692E-02
    0.6091351372E-02
    0.5637232547E-02
    0.5214362636E-02
    0.4820812030E-02
    0.4454752214E-02
    0.4114451915E-02
    0.3798273282E-02
    0.3504668093E-02
    0.3232174028E-02
    0.2979410996E-02
    0.2745077529E-02
    0.2527947251E-02
    0.2326865432E-02
    0.2140745623E-02
    0.1968566383E-02
    0.1809368101E-02
    0.1662249915E-02
    0.1526366725E-02
    0.1400926316E-02
    0.1285186575E-02
    0.1178452809E-02
    0.1080075173E-02
    0.9894461953E-03
    0.9059983994E-03
    0.8292020357E-03
    0.7585629044E-03
    0.6936202778E-03
    0.6339449178E-03
    0.5791371867E-03
    0.5288252481E-03
    0.4826633561E-03
    0.4403302318E-03
    0.4015275206E-03
    0.3659783323E-03
    0.3334258579E-03
    0.3036320610E-03
    0.2763764419E-03
    0.2514548713E-03
    0.2286784893E-03
    0.2078726697E-03
    0.1888760433E-03
    0.1715395811E-03
    0.1557257319E-03
    0.1413076128E-03
    0.1281682507E-03
    0.1161998705E-03
    0.1053032294E-03
    0.9538699372E-04
    0.8636715657E-04
    0.7816649381E-04
    0.7071405635E-04
    0.6394469681E-04
    0.5779862830E-04
    0.5222101372E-04
    0.4716158363E-04
    0.4257428097E-04
    0.3841693098E-04
    0.3465093487E-04
    0.3124098556E-04
    0.2815480426E-04
    0.2536289638E-04
    0.2283832568E-04
    0.2055650522E-04
    0.1849500429E-04
    0.1663336987E-04
    0.1495296198E-04
    0.1343680167E-04
    0.1206943093E-04
    0.1083678367E-04
    0.9726066782E-05
    0.8725650892E-05
    0.7824969755E-05
    0.7014427887E-05
    0.6285315699E-05
    0.5629731621E-05
    0.5040510667E-05
    0.4511158960E-05
    0.4035793735E-05
    0.3609088420E-05
    0.3226222383E-05
    0.2882834967E-05
    0.2574983497E-05
    0.2299104904E-05
    0.2051980714E-05
    0.1830705083E-05
    0.1632655674E-05
    0.1455467094E-05
    0.1297006719E-05
    0.1155352679E-05
    0.1028773828E-05
    0.9157115359E-06
    0.8147631395E-06
    0.7246669100E-06
    0.6442884081E-06
    0.5726081041E-06
    0.5087101506E-06
    0.4517722071E-06
    0.4010562236E-06
    0.3559000945E-06
    0.3157101076E-06
    0.2799541138E-06
    0.2481553535E-06
    0.2198868777E-06
    0.1947665108E-06
    0.1724523039E-06
    0.1526384326E-06
    0.1350514989E-06
    0.1194471977E-06
    0.1056073141E-06
    0.9333702041E-07
    0.8246244314E-07
    0.7282847501E-07
    0.6429680771E-07
    0.5674416411E-07
    0.5006071065E-07
    0.4414863200E-07
    0.3892085211E-07
    0.3429988712E-07
    0.3021681707E-07
    0.2661036454E-07
    0.2342606936E-07
    0.2061554995E-07
    0.1813584221E-07
    0.1594880836E-07
    0.1402060841E-07
    0.1232122784E-07
    0.1082405584E-07
    0.9505508696E-08
    0.8344693724E-08
    0.7323109551E-08
    0.6424378859E-08
    0.5634010228E-08
    0.4939185986E-08
    0.4328573313E-08
    0.3792156126E-08
    0.3321085517E-08
    0.2907546762E-08
    0.2544641103E-08
    0.2226280729E-08
    0.1947095499E-08
    0.1702350142E-08
    0.1487870787E-08
    0.1299979794E-08
    0.1135437983E-08
    0.9913934281E-09
    0.8653361005E-09
    0.7550577069E-09
    0.6586161391E-09
    0.5743040222E-09
    0.5006208978E-09
    0.4362486341E-09
    0.3800296955E-09
    0.3309479485E-09
    0.2881117138E-09
    0.2507388076E-09
    0.2181433450E-09
    0.1897241015E-09
    0.1649542525E-09
    0.1433723329E-09
    0.1245742729E-09
    0.1082063854E-09
    0.9395919416E-10
    0.8156200370E-10
    0.7077812302E-10
    0.6140066709E-10
    0.5324886695E-10
    0.4616482831E-10
    0.4001068509E-10
    0.3466610087E-10
    0.3002607638E-10
    0.2599902655E-10
    0.2250509423E-10
    0.1947467239E-10
    0.1684710922E-10
    0.1456957411E-10
    0.1259606474E-10
    0.1088653814E-10
    0.9406150520E-11
    0.8124592453E-11
    0.7015507656E-11
    0.6055985107E-11
    0.5226115352E-11
    0.4508603041E-11
    0.3888428705E-11
    0.3352553599E-11
    0.2889662237E-11
    0.2489937877E-11
    0.2144866814E-11
    0.1847067844E-11
    0.1590143709E-11
    0.1368551742E-11
    0.1177491266E-11
    0.1012805613E-11
    0.8708968956E-12
    0.7486518933E-12
    0.6433776303E-12
    0.5527453950E-12
    0.4747421109E-12
    0.4076281115E-12
    0.3499004835E-12
    0.3002612587E-12
    0.2575898213E-12
    0.2209189796E-12
    0.1894142233E-12
    0.1623557473E-12
    0.1391228799E-12
    0.1191805965E-12
    0.1020678445E-12
    0.8738743930E-13
    0.7479732266E-13
    0.6400300246E-13
    0.5475101612E-13
    0.4682328128E-13
    0.4003221449E-13
    0.3421651516E-13
    0.2923752520E-13
    0.2497608679E-13
    0.2132983089E-13
    0.1821083835E-13
    0.1554362298E-13
    0.1326339278E-13
    0.1131455158E-13
    0.9649408111E-14
    0.8227064241E-14
    0.7012457791E-14
    0.5975538664E-14
    0.5090560000E-14
    0.4335468439E-14
    0.3691379824E-14
    0.3142128511E-14
    0.2673880063E-14
    0.2274798527E-14
    0.1934760687E-14
    0.1645110725E-14
    0.1398449666E-14
    0.1188454703E-14
    0.1009724225E-14
    0.8576449348E-15
    0.7282779237E-15
    0.6182610526E-15
    0.5247253124E-15
    0.4452231920E-15
    0.3776673464E-15
    0.3202780993E-15
    0.2715385218E-15
    0.2301560049E-15
    0.1950293964E-15
    0.1652209060E-15
    0.1399320923E-15
    0.1184833464E-15
    0.1002963662E-15
    0.8487919188E-16
    0.7181343003E-16
    0.6074335108E-16
    0.5136658710E-16
    0.4342619781E-16
    0.3670390526E-16
    0.3101432691E-16
    0.2620006103E-16
    0.2212749969E-16
    0.1868326275E-16
    0.1577116139E-16
    0.1330961353E-16
    0.1122944431E-16
    0.9472014942E-17
    0.7987631239E-17
    0.6734190496E-17
    0.5676031284E-17
    0.4782956036E-17
    0.4029400679E-17
    0.3393729403E-17
    0.2857635860E-17
    0.2405634887E-17
    0.2024631172E-17
    0.1703553326E-17
    0.1433043528E-17
    0.1205194368E-17
    0.1013325785E-17
    0.8517960235E-18
    0.7158414817E-18
    0.6014410641E-18
    0.5052013215E-18
    0.4242592179E-18
    0.3561998446E-18
    0.2989867999E-18
    0.2509033008E-18
    0.2105023868E-18
    0.1765648229E-18
    0.1480635195E-18
    0.1241334705E-18
    0.1040463590E-18
    0.8718911162E-19
    0.7304579321E-19
    0.6118232434E-19
    0.5123358590E-19
    0.4289254027E-19
    0.3590105624E-19
    0.3004217285E-19
    0.2513357817E-19
    0.2102211366E-19
    0.1757914403E-19
    0.1469665720E-19
    0.1228398020E-19
    0.1026501437E-19
    0.8575908392E-20
    0.7163100234E-20
    0.5981670033E-20
    0.4993954832E-20
    0.4168383859E-20
    0.3478499476E-20
    0.2902134412E-20
    0.2420720507E-20
    0.2018708089E-20
    0.1683078396E-20
    0.1402934244E-20
    0.1169156462E-20
    0.9741156021E-21
    0.8114300916E-21
    0.6757633929E-21
    0.5626539260E-21
    0.4683724926E-21
    0.3898027871E-21
    0.3243412794E-21
    0.2698133484E-21
    0.2244030486E-21
    0.1865943037E-21
    0.1551216841E-21
    0.1289292134E-21
    0.1071359040E-21
    0.8900692944E-22
    0.7392951619E-22
    0.6139278902E-22
    0.5097092395E-22
    0.4230907012E-22
    0.3511158817E-22
    0.2913222625E-22
    0.2416591634E-22
    0.2004192535E-22
    0.1661813862E-22
    0.1377628960E-22
    0.1141798016E-22
    0.9461361178E-23
    0.7838364581E-23
    0.6492395688E-23
    0.5376409833E-23
    0.4451309575E-23
    0.3684609427E-23
    0.3049323679E-23
    0.2523040261E-23
    0.2087149709E-23
    0.1726203400E-23
    0.1427379505E-23
    0.1180038689E-23
    0.9753545489E-24
    0.8060062976E-24
    0.6659232627E-24
    0.5500725116E-24
    0.4542823663E-24
    0.3750957731E-24
    0.3096485060E-24
    0.2555680205E-24
    0.2108894738E-24
    0.1739860159E-24
    0.1435109373E-24
    0.1183496690E-24
    0.9757996402E-25
    0.8043887520E-25
    0.6629537379E-25
    0.5462765099E-25
    0.4500430560E-25
    0.3706875575E-25
    0.3052632506E-25
    0.2513354677E-25
    0.2068930679E-25
    0.1702751108E-25
    0.1401101638E-25
    0.1152660768E-25
    0.9480842885E-26
    0.7796615517E-26
    0.6410312187E-26
    0.5269462281E-26
    0.4330795128E-26
    0.3558634304E-26
    0.2923570866E-26
    0.2401367312E-26
    0.1972052301E-26
    0.1619173130E-26
    0.1329178576E-26
    0.1090909493E-26
    0.8951784371E-27
    0.7344228236E-27
    0.6024188272E-27
    0.4940454272E-27
    0.4050898528E-27
    0.3320871988E-27
    0.2721882357E-27
    0.2230504825E-27
    0.1827484657E-27
    0.1496998009E-27
    0.1226043193E-27
    0.1003939487E-27
    0.8219145599E-28
    0.6727649166E-28
    0.5505765046E-28
    0.4504948612E-28
    0.3685360599E-28
    0.3014312444E-28
    0.2464988094E-28
    0.2015393331E-28
    0.1647492286E-28
    0.1346497939E-28
    0.1100289265E-28
    0.8989325090E-29
    0.7342880712E-29
    0.5996877574E-29
    0.4896698487E-29
    0.3997616794E-29
    0.3263012384E-29
    0.2662908185E-29
    0.2172769808E-29
    0.1772521220E-29
    0.1445737722E-29
    0.1178984433E-29
    0.9612741455E-30
    0.7836230971E-30
    0.6386870545E-30
    0.5204632391E-30
    0.4240462339E-30
    0.3454281335E-30
    0.2813349503E-30
    0.2290927248E-30
    0.1865179680E-30
    0.1518280316E-30
    0.1235677946E-30
    0.1005497088E-30
    0.8180477704E-31
    0.6654247932E-31
    0.5411801946E-31
    0.4400555995E-31
    0.3577635466E-31
    0.2908088628E-31
    0.2363427809E-31
    0.1920438185E-31
    0.1560205299E-31
    0.1267321270E-31
    0.1029237010E-31
    0.8357336606E-32
    0.6784914178E-32
    0.5507378450E-32
    0.4469610872E-32
    0.3626760471E-32
    0.2942337794E-32
    0.2386661445E-32
    0.1935592216E-32
    0.1569501774E-32
    0.1272432581E-32
    0.1031413727E-32
    0.8359038422E-33
    0.6773375516E-33
    0.5487563181E-33
    0.4445080097E-33
    0.3600024492E-33
    0.2915125493E-33
    0.2360125623E-33
    0.1910465401E-33
    0.1546213833E-33
    0.1251198974E-33
    0.1012301266E-33
    0.8188792803E-34
    0.6623031389E-34
    0.5355754962E-34
    0.4330236980E-34
    0.3500498019E-34
    0.2829276152E-34
    0.2286379393E-34
    0.1847348515E-34
    0.1492371953E-34
    0.1205405446E-34
    0.9734578949E-35
    0.7860121669E-35
    0.6345554272E-35
    0.5121983522E-35
    0.4133664576E-35
    0.3335499292E-35
    0.2691009047E-35
    0.2170692316E-35
    0.1750694258E-35
    0.1411729186E-35
    0.1138208035E-35
    0.9175319342E-36
    0.7395203632E-36
    0.5959483368E-36
    0.4801718901E-36
    0.3868250731E-36
    0.3115748413E-36
    0.2509228136E-36
    0.2020449652E-36
    0.1626620164E-36
    0.1309346593E-36
    0.1053788760E-36
    0.8479750751E-37
    0.6822496368E-37
    0.5488255941E-37
    0.4414243964E-37
    0.3549844711E-37
    0.2854260064E-37
    0.2294610645E-37
    0.1844403163E-37
    0.1482293548E-37
    0.1191088954E-37
    0.9569426439E-38
    0.7687045738E-38
    0.6173976617E-38
    0.4957954836E-38
    0.3980818118E-38
    0.3195761786E-38
    0.2565126987E-38
    0.2058618438E-38
    0.1651868515E-38
    0.1325280575E-38
    0.1063097360E-38
    0.8526508067E-39
    0.6837580386E-39
    0.5482351322E-39
    0.4395057584E-39
    0.3522862354E-39
    0.2823321185E-39
    0.2262343335E-39
    0.1812551963E-39
    0.1451965338E-39
    0.1162936419E-39
    0.9313002946E-40
    0.7456888739E-40
    0.5969800895E-40
    0.4778552893E-40
    0.3824436212E-40
    0.3060363584E-40
    0.2448574456E-40
    0.1958792328E-40
    0.1566745190E-40
    0.1252977715E-40
    0.1001897814E-40
    0.8010114451E-41
    0.6403085898E-41
    0.5117706229E-41
    0.4089751296E-41
    0.3267789477E-41
    0.2610639888E-41
    0.2085334363E-41
    0.1665483612E-41
    0.1329967607E-41
    0.1061886015E-41
    0.8477171682E-42
    0.6766442531E-42
    0.5400155418E-42
    0.4309120753E-42
    0.3438014579E-42
    0.2742606549E-42
    0.2187540734E-42
    0.1744559291E-42
    0.1391080826E-42
    0.1109062804E-42
    0.8840913860E-43
    0.7046533507E-43
    0.5615537419E-43
    0.4474501624E-43
    0.3564803974E-43
    0.2839647116E-43
    0.2261678805E-43
    0.1801090001E-43
    0.1434095033E-43
    0.1141717281E-43
    0.9088190912E-44
    0.7233269199E-44
    0.5756125204E-44
    0.4579988084E-44
    0.3643653523E-44
    0.2898334471E-44
    0.2305147559E-44
    0.1833107165E-44
    0.1457524853E-44
    0.1158732445E-44
    0.9210634425E-45
    0.7320406478E-45
    0.5817283317E-45
    0.4622157031E-45
    0.3672051228E-45
    0.2916838711E-45
    0.2316625543E-45
    0.1839666501E-45
    0.1460704231E-45
    0.1159646158E-45
    0.9205106384E-46
    0.7305876631E-46
    0.5797705515E-46
    0.4600238598E-46
    0.3649598096E-46
    0.2895011512E-46
    0.2296128607E-46
    0.1820886496E-46
    0.1443811121E-46
    0.1144666103E-46
    0.9073780814E-47
    0.7191820811E-47
    0.5699419628E-47
    0.4516101563E-47
    0.3577981964E-47
    0.2834353817E-47
    0.2244975144E-47
    0.1777913622E-47
    0.1407834205E-47
    0.1114638889E-47
    0.8823863483E-48
    0.6984339927E-48
    0.5527567342E-48
    0.4374061548E-48
    0.3460811918E-48
    0.2737873971E-48
    0.2165665322E-48
    0.1712820106E-48
    0.1354486776E-48
    0.1070977825E-48
    0.8466988450E-49
    0.6692992220E-49
    0.5289987221E-49
    0.4180535933E-49
    0.3303333478E-49
    0.2609853213E-49
    0.2061688434E-49
    0.1628446000E-49
    0.1286077520E-49
    0.1015557400E-49
    0.8018357752E-50
    0.6330093041E-50
    0.4996645648E-50
    0.3943582093E-50
    0.3112054402E-50
    0.2455542853E-50
    0.1937278151E-50
    0.1528201604E-50
    0.1205351221E-50
    0.9505849758E-51
    0.7495709275E-51
    0.5909885380E-51
    0.4658970921E-51
    0.3672363318E-51
    0.2894316776E-51
    0.2280821742E-51
    0.1797138585E-51
    0.1415848601E-51
    0.1115314032E-51
    0.8784614339E-52
    0.6918206118E-52
    0.5447655522E-52
    0.4289149668E-52
    0.3376589512E-52
    0.2657852741E-52
    0.2091843665E-52
    0.1646164657E-52
    0.1295278453E-52
    0.1019058009E-52
    0.8016423409E-53
    0.6305339029E-53
    0.4958865973E-53
    0.3899442386E-53
    0.3065977289E-53
    0.2410358961E-53
    0.1894702194E-53
    0.1489178343E-53
    0.1170305004E-53
    0.9195981448E-54
    0.7225099982E-54
    0.5675922582E-54
    0.4458368569E-54
    0.3501567099E-54
    0.2749767616E-54
    0.2159119424E-54
    0.1695135982E-54
    0.1330698610E-54
    0.1044485034E-54
    0.8197325357E-55
    0.6432645700E-55
    0.5047248334E-55
    0.3959746396E-55
    0.3106188465E-55
    0.2436329586E-55
    0.1910698469E-55
    0.1498291191E-55
    0.1174757766E-55
    0.9209764490E-56
    0.7219330091E-56
    0.5658398408E-56
    0.4434436779E-56
    0.3474815953E-56
    0.2722535887E-56
    0.2132867906E-56
    0.1670717101E-56
    0.1308550722E-56
    0.1024771318E-56
    0.8024393008E-57
    0.6282699975E-57
    0.4918463167E-57
    0.3850007451E-57
    0.3013303194E-57
    0.2358160066E-57
    0.1845240538E-57
    0.1443716839E-57
    0.1129432957E-57
    0.8834629902E-58
    0.6909805227E-58
    0.5403720297E-58
    0.4225417221E-58
    0.3303665632E-58
    0.2582690669E-58
    0.2018824619E-58
    0.1577882831E-58
    0.1233107498E-58
    0.9635565874E-59
    0.7528417211E-59
    0.5881395290E-59
    0.4594173214E-59
    0.3588266869E-59
    0.2802286584E-59
    0.2188219433E-59
    0.1708518842E-59
    0.1333826439E-59
    0.1041189035E-59
    0.8126632718E-60
    0.6342237908E-60
    0.4949089909E-60
    0.3861527598E-60
    0.3012617501E-60
    0.2350065492E-60
    0.1833019657E-60
    0.1429570349E-60
    0.1114795638E-60
    0.8692333399E-61
    0.6776866687E-61
    0.5282907754E-61
    0.4117832688E-61
    0.3209342122E-61
    0.2501007831E-61
    0.1948793706E-61
    0.1518338247E-61
    0.1182832117E-61
    0.9213606528E-62
    0.7176096288E-62
    0.5588547680E-62
    0.4351728936E-62
    0.3388261710E-62
    0.2637815167E-62
    0.2053355472E-62
    0.1598219218E-62
    0.1243830068E-62
    0.9679174314E-63
    0.7531269576E-63
    0.5859367802E-63
    0.4558123377E-63
    0.3545473179E-63
    0.2757498012E-63
    0.2144416551E-63
    0.1667462572E-63
    0.1296450987E-63
    0.1007880954E-63
    0.7834577194E-64
    0.6089408960E-64
    0.4732471797E-64
    0.3677513739E-64
    0.2857419553E-64
    0.2219970593E-64
    0.1724542866E-64
    0.1339536002E-64
    0.1040371563E-64
    0.8079347777E-65
    0.6273616131E-65
    0.4870947519E-65
    0.3781489424E-65
    0.2935393457E-65
    0.2278367654E-65
    0.1768216359E-65
    0.1372148692E-65
    0.1064685115E-65
    0.8260293589E-66
    0.6408024141E-66
    0.4970581625E-66
    0.3855180847E-66
    0.2989763503E-66
    0.2318374070E-66
    0.1797565976E-66
    0.1393608804E-66
    0.1080318208E-66
    0.8373698931E-67
    0.6489898125E-67
    0.5029367450E-67
    0.3897120753E-67
    0.3019461010E-67
    0.2339214866E-67
    0.1812032526E-67
    0.1403515152E-67
    0.1086984930E-67
    0.8417542152E-68
    0.6517821969E-68
    0.5046324368E-68
    0.3906639746E-68
    0.3024037388E-68
    0.2340596742E-68
    0.1811430774E-68
    0.1401756728E-68
    0.1084624417E-68
    0.8391546037E-69
    0.6491731064E-69
    0.5021518287E-69
    0.3883878405E-69
    0.3003670608E-69
    0.2322710832E-69
    0.1795949838E-69
    0.1388511665E-69
    0.1073399014E-69
    0.8297155631E-70
    0.6412888985E-70
    0.4956038873E-70
    0.3829765998E-70
    0.2959145925E-70
    0.2286215626E-70
    0.1766138323E-70
    0.1364234456E-70
    0.1053683412E-70
    0.8137446695E-71
    0.6283810932E-71
    0.4851935917E-71
    0.3745967902E-71
    0.2891812632E-71
    0.2232201559E-71
    0.1722875424E-71
    0.1329632467E-71
    0.1026045611E-71
    0.7916971791E-72
    0.6108139631E-72
    0.4712119523E-72
    0.3634805490E-72
    0.2803519896E-72
    0.2162139709E-72
    0.1667329983E-72
    0.1285633312E-72
    0.9912209600E-73
    0.7641554118E-73
    0.5890481802E-73
    0.4540230545E-73
    0.3499153613E-73
    0.2696535724E-73
    0.2077817827E-73
    0.1600910048E-73
    0.1233345114E-73
    0.9500808885E-74
    0.7318041631E-74
    0.5636214992E-74
    0.4340488992E-74
    0.3342321730E-74
    0.2573453841E-74
    0.1981267437E-74
    0.1525205844E-74
    0.1174011932E-74
    0.9035980901E-75
    0.6954035312E-75
    0.5351275672E-75
    0.4117528872E-75
    0.3167925278E-75
    0.2437093568E-75
    0.1874685958E-75
    0.1441929241E-75
    0.1108966741E-75
    0.8528100198E-76
    0.6557605979E-76
    0.5041939648E-76
    0.3876228041E-76
    0.2979753896E-76
    0.2290397837E-76
    0.1760357823E-76
    0.1352852770E-76
    0.1039584310E-76
    0.7987825111E-77
    0.6137013500E-77
    0.4714605502E-77
    0.3621541256E-77
    0.2781642818E-77
    0.2136334162E-77
    0.1640578265E-77
    0.1259751013E-77
    0.9672361557E-78
    0.7425751651E-78
    0.5700441058E-78
    0.4375590671E-78
    0.3358343800E-78
    0.2577353007E-78
    0.1977802822E-78
    0.1517583030E-78
    0.1164346819E-78
    0.8932494128E-79
    0.6852099239E-79
    0.5255755136E-79
    0.4030948269E-79
    0.3091291755E-79
    0.2370464653E-79
    0.1817555732E-79
    0.1393486615E-79
    0.1068264326E-79
    0.8188711230E-80
    0.6276439406E-80
    0.4810299586E-80
    0.3686310875E-80
    0.2824703603E-80
    0.2164287502E-80
    0.1658128587E-80
    0.1270230967E-80
    0.9729902012E-81
    0.7452389820E-81
    0.5707475221E-81
    0.4370729457E-81
    0.3346765482E-81
    0.2562466219E-81
    0.1961790262E-81
