    -129759.8227    
    0.9180889581    
    0.9035391890    
    0.8880250267    
    0.8716088820    
    0.8543553690    
    0.8363308993    
    0.8176032742    
    0.7982412806    
    0.7783142914    
    0.7578918765    
    0.7370434242    
    0.7158377782    
    0.6943428904    
    0.6726254927    
    0.6507507897    
    0.6287821741    
    0.6067809644    
    0.5848061687    
    0.5629142728    
    0.5411590549    
    0.5195914260    
    0.4982592964    
    0.4772074682    
    0.4564775536    
    0.4361079167    
    0.4161336407    
    0.3965865165    
    0.3774950542    
    0.3588845136    
    0.3407769553    
    0.3231913075    
    0.3061434498    
    0.2896463115    
    0.2737099812    
    0.2583418293    
    0.2435466381    
    0.2293267413    
    0.2156821685    
    0.2026107953    
    0.1901084965    
    0.1781693010    
    0.1667855472    
    0.1559480389    
    0.1456461982    
    0.1358682167    
    0.1266012025    
    0.1178313234    
    0.1095439445    
    0.1017237603    
    0.9435492082E-01
    0.8742115042E-01
    0.8090586058E-01
    0.7479225463E-01
    0.6906342570E-01
    0.6370244684E-01
    0.5869245391E-01
    0.5401672101E-01
    0.4965872849E-01
    0.4560222392E-01
    0.4183127611E-01
    0.3833032233E-01
    0.3508420921E-01
    0.3207822742E-01
    0.2929814063E-01
    0.2673020890E-01
    0.2436120709E-01
    0.2217843837E-01
    0.2016974353E-01
    0.1832350608E-01
    0.1662865382E-01
    0.1507465707E-01
    0.1365152392E-01
    0.1234979287E-01
    0.1116052317E-01
    0.1007528313E-01
    0.9086136776E-02
    0.8185628976E-02
    0.7366769459E-02
    0.6623015845E-02
    0.5948255956E-02
    0.5336789587E-02
    0.4783309936E-02
    0.4282884845E-02
    0.3830937998E-02
    0.3423230226E-02
    0.3055841005E-02
    0.2725150272E-02
    0.2427820638E-02
    0.2160780064E-02
    0.1921205072E-02
    0.1706504527E-02
    0.1514304049E-02
    0.1342431061E-02
    0.1188900515E-02
    0.1051901295E-02
    0.9297833102E-03
    0.8210452799E-03
    0.7243231971E-03
    0.6383794709E-03
    0.5620927287E-03
    0.4944482628E-03
    0.4345291012E-03
    0.3815076813E-03
    0.3346381034E-03
    0.2932489389E-03
    0.2567365661E-03
    0.2245590098E-03
    0.1962302560E-03
    0.1713150160E-03
    0.1494239131E-03
    0.1302090670E-03
    0.1133600482E-03
    0.9860018078E-04
    0.8568316686E-04
    0.7439001149E-04
    0.6452622559E-04
    0.5591928576E-04
    0.4841633117E-04
    0.4188207894E-04
    0.3619693993E-04
    0.3125531847E-04
    0.2696408036E-04
    0.2324117452E-04
    0.2001439480E-04
    0.1722026912E-04
    0.1480306456E-04
    0.1271389729E-04
    0.1090993754E-04
    0.9353700476E-05
    0.8012414446E-05
    0.6857459028E-05
    0.5863865762E-05
    0.5009875195E-05
    0.4276544396E-05
    0.3647399633E-05
    0.3108129416E-05
    0.2646313557E-05
    0.2251184320E-05
    0.1913416126E-05
    0.1624940623E-05
    0.1378784269E-05
    0.1168925847E-05
    0.9901716264E-06
    0.8380461154E-06
    0.7086965642E-06
    0.5988095919E-06
    0.5055384779E-06
    0.4264398311E-06
    0.3594184885E-06
    0.3026796272E-06
    0.2546871950E-06
    0.2141278644E-06
    0.1798798114E-06
    0.1509857036E-06
    0.1266293549E-06
    0.1061155720E-06
    0.8885277401E-07
    0.7433802078E-07
    0.6214412939E-07
    0.5190859919E-07
    0.4332410188E-07
    0.3613032370E-07
    0.3010697514E-07
    0.2506780690E-07
    0.2085549280E-07
    0.1733725833E-07
    0.1440115014E-07
    0.1195285552E-07
    0.9912993766E-08
    0.8214811447E-08
    0.6802223510E-08
    0.5628149852E-08
    0.4653104247E-08
    0.3843998457E-08
    0.3173129747E-08
    0.2617324485E-08
    0.2157214451E-08
    0.1776625899E-08
    0.1462064284E-08
    0.1202280076E-08
    0.9879032698E-09
    0.8111359889E-09
    0.6654941987E-09
    0.5455908883E-09
    0.4469542256E-09
    0.3658751886E-09
    0.2992800094E-09
    0.2446234897E-09
    0.1997998521E-09
    0.1630683128E-09
    0.1329910005E-09
    0.1083812201E-09
    0.8826037479E-10
    0.7182213115E-10
    0.5840263369E-10
    0.4745577091E-10
    0.3853265356E-10
    0.3126460257E-10
    0.2534905872E-10
    0.2053792251E-10
    0.1662791315E-10
    0.1345260399E-10
    0.1087584851E-10
    0.8786358644E-11
    0.7093237306E-11
    0.5722300174E-11
    0.4613049974E-11
    0.3716189492E-11
    0.2991579150E-11
    0.2406561051E-11
    0.1934584881E-11
    0.1554082222E-11
    0.1247545136E-11
    0.1000772550E-11
    0.8022544084E-12
    0.6426687978E-12
    0.5144716575E-12
    0.4115623026E-12
    0.3290109653E-12
    0.2628370344E-12
    0.2098287026E-12
    0.1673964060E-12
    0.1334538180E-12
    0.1063212947E-12
    0.8464759550E-13
    0.6734647140E-13
    0.5354533582E-13
    0.4254374884E-13
    0.3377986419E-13
    0.2680333274E-13
    0.2125343694E-13
    0.1684145986E-13
    0.1333647950E-13
    0.1055393180E-13
    0.8346409463E-14
    0.6596265326E-14
    0.5209670711E-14
    0.4111846166E-14
    0.3243236105E-14
    0.2556442863E-14
    0.2013771186E-14
    0.1585263096E-14
    0.1247126355E-14
    0.9804786194E-15
    0.7703445971E-15
    0.6048558339E-15
    0.4746126408E-15
    0.3721756831E-15
    0.2916611757E-15
    0.2284188031E-15
    0.1787756421E-15
    0.1398327079E-15
    0.1093034260E-15
    0.8538547970E-16
    0.6665921051E-16
    0.5200712600E-16
    0.4055017547E-16
    0.3159733549E-16
    0.2460575350E-16
    0.1914926022E-16
    0.1489351119E-16
    0.1157637510E-16
    0.8992472486E-17
    0.6980994708E-17
    0.5416113944E-17
    0.4199438205E-17
    0.3254079361E-17
    0.2519992510E-17
    0.1950316716E-17
    0.1508503896E-17
    0.1166067642E-17
    0.9008192922E-18
    0.6954867325E-18
    0.5366336037E-18
    0.4138141420E-18
    0.3189127220E-18
    0.2456280797E-18
    0.1890707872E-18
    0.1454493211E-18
    0.1118253859E-18
    0.8592333895E-19
    0.6598185280E-19
    0.5063852848E-19
    0.3884019855E-19
    0.2977324578E-19
    0.2280950609E-19
    0.1746429730E-19
    0.1336387679E-19
    0.1022022593E-19
    0.7811524307E-20
    0.5967039451E-20
    0.4555441001E-20
    0.3475769002E-20
    0.2650457903E-20
    0.2019951786E-20
    0.1538550456E-20
    0.1171207076E-20
    0.8910609097E-21
    0.6775376127E-21
    0.5148874332E-21
    0.3910610743E-21
    0.2968457583E-21
    0.2252016733E-21
    0.1707526409E-21
    0.1293954000E-21
    0.9800006796E-22
    0.7418064163E-22
    0.5611926814E-22
    0.4243177019E-22
    0.3206480270E-22
    0.2421724824E-22
    0.1828017475E-22
    0.1379099963E-22
    0.1039851993E-22
    0.7836248693E-23
    0.5902096603E-23
    0.4442898136E-23
    0.3342634220E-23
    0.2513473582E-23
    0.1888962251E-23
    0.1418849165E-23
    0.1065157141E-23
    0.7992012429E-24
    0.5993274043E-24
    0.4491983420E-24
    0.3364950482E-24
    0.2519336833E-24
    0.1885216876E-24
    0.1409952308E-24
    0.1053940378E-24
    0.7874022900E-25
    0.5879586796E-25
    0.4388003147E-25
    0.3273086894E-25
    0.2440164515E-25
    0.1818243868E-25
    0.1354119809E-25
    0.1007939508E-25
    0.7498678657E-26
    0.5575815477E-26
    0.4143867834E-26
    0.3078064564E-26
    0.2285200739E-26
    0.1695689220E-26
    0.1257603986E-26
    0.9322185974E-27
    0.6906663521E-27
    0.5114415154E-27
    0.3785308373E-27
    0.2800171444E-27
    0.2070363058E-27
    0.1529985753E-27
    0.1130076153E-27
    0.8342725178E-28
    0.6155856987E-28
    0.4539937942E-28
    0.3346513432E-28
    0.2465567747E-28
    0.1815613770E-28
    0.1336326565E-28
    0.9830707805E-29
    0.7228371581E-29
    0.5312269381E-29
    0.3902151156E-29
    0.2864922683E-29
    0.2102359489E-29
    0.1542008421E-29
    0.1130453335E-29
    0.8283332501E-30
    0.6066588582E-30
    0.4440904318E-30
    0.3249272555E-30
    0.2376233693E-30
    0.1736924194E-30
    0.1269000264E-30
    0.9266849638E-31
    0.6763827122E-31
    0.4934501449E-31
    0.3598196540E-31
    0.2622513421E-31
    0.1910478747E-31
    0.1391101348E-31
    0.1012436549E-31
    0.7364949177E-32
    0.5355068131E-32
    0.3891830918E-32
    0.2827073196E-32
    0.2052648919E-32
    0.1489660273E-32
    0.1080575560E-32
    0.7834635433E-33
    0.5677780425E-33
    0.4112774935E-33
    0.2977750075E-33
    0.2154958407E-33
    0.1558788828E-33
    0.1127025694E-33
    0.8144771123E-34
    0.5883325539E-34
    0.4247820870E-34
    0.3065555755E-34
    0.2211323819E-34
    0.1594395119E-34
    0.1149054012E-34
    0.8277252254E-35
    0.5959826034E-35
    0.4289266231E-35
    0.3085565953E-35
    0.2218653367E-35
    0.1594583430E-35
    0.1145535593E-35
    0.8225718723E-36
    0.5903960240E-36
    0.4235626633E-36
    0.3037364884E-36
    0.2177116594E-36
    0.1559811806E-36
    0.1117040407E-36
    0.7995987327E-37
    0.5721135224E-37
    0.4091660552E-37
    0.2924991547E-37
    0.2090054603E-37
    0.1492791011E-37
    0.1065734719E-37
    0.7605159079E-38
    0.5424715122E-38
    0.3867723096E-38
    0.2756410993E-38
    0.1963555094E-38
    0.1398147799E-38
    0.9951173630E-39
    0.7079573687E-39
    0.5034447812E-39
    0.3578564631E-39
    0.2542602812E-39
    0.1805764727E-39
    0.1281908834E-39
    0.9096342306E-40
    0.6451942304E-40
    0.4574340885E-40
    0.3241763218E-40
    0.2296408321E-40
    0.1626044145E-40
    0.1150883308E-40
    0.8142285567E-41
    0.5758081212E-41
    0.4070296036E-41
    0.2876016015E-41
    0.2031299822E-41
    0.1434083777E-41
    0.1012029357E-41
    0.7138880736E-42
    0.5033683465E-42
    0.3547813386E-42
    0.2499511007E-42
    0.1760228659E-42
    0.1239090987E-42
    0.8718819983E-43
    0.6132434980E-43
    0.4311508501E-43
    0.3030029929E-43
    0.2128561925E-43
    0.1494678137E-43
    0.1049135100E-43
    0.7361016898E-44
    0.5162584743E-44
    0.3619260741E-44
    0.2536273984E-44
    0.1776627560E-44
    0.1244001404E-44
    0.8707027353E-45
    0.6091774560E-45
    0.4260326910E-45
    0.2978293733E-45
    0.2081219760E-45
    0.1453765887E-45
    0.1015073375E-45
    0.7084792521E-46
    0.4942923403E-46
    0.3447211861E-46
    0.2403143617E-46
    0.1674632197E-46
    0.1166507167E-46
    0.8122392133E-47
    0.5653395410E-47
    0.3933362206E-47
    0.2735570983E-47
    0.1901786694E-47
    0.1321617217E-47
    0.9180787493E-48
    0.6375068316E-48
    0.4425075735E-48
    0.3070349571E-48
    0.2129543356E-48
    0.1476444028E-48
    0.1023244974E-48
    0.7088831857E-49
    0.4909106391E-49
    0.3398311748E-49
    0.2351566595E-49
    0.1626615583E-49
    0.1124725245E-49
    0.7773956628E-50
    0.5371211134E-50
    0.3709685232E-50
    0.2561161167E-50
    0.1767551389E-50
    0.1219390385E-50
    0.8409096605E-51
    0.5796849916E-51
    0.3994580618E-51
    0.2751610915E-51
    0.1894697292E-51
    0.1304157072E-51
    0.8973409761E-52
    0.6171957232E-52
    0.4243521444E-52
    0.2916542126E-52
    0.2003774013E-52
    0.1376157473E-52
    0.9447713297E-53
    0.6483727137E-53
    0.4447976416E-53
    0.3050283566E-53
    0.2091020141E-53
    0.1432902856E-53
    0.9815582545E-54
    0.6721349480E-54
    0.4600851417E-54
    0.3148194368E-54
    0.2153410029E-54
    0.1472427952E-54
    0.1006430449E-54
    0.6876637590E-55
    0.4696901186E-55
    0.3206933017E-55
    0.2188828799E-55
    0.1493404306E-55
    0.1018560812E-55
    0.6944496210E-56
    0.4733027231E-56
    0.3224645622E-56
    0.2196190330E-56
    0.1495213472E-56
    0.1017611318E-56
    0.6923192565E-57
    0.4708438514E-57
    0.3201058844E-57
    0.2175489177E-57
    0.1477974574E-57
    0.1003746437E-57
    0.6814411229E-58
    0.4624663928E-58
    0.3137471469E-58
    0.2127783357E-58
    0.1442524817E-58
    0.9776146243E-59
    0.6623092836E-59
    0.4485418792E-59
    0.3036647644E-59
    0.2055111065E-59
    0.1390355725E-59
    0.9403002265E-60
    0.6357075565E-60
    0.4296340276E-60
    0.2902623270E-60
    0.1960350015E-60
    0.1323511605E-60
    0.8932505906E-61
    0.6026574562E-61
    0.4064617271E-61
    0.2740443935E-61
    0.1847032602E-61
    0.1244459632E-61
    0.8381850563E-62
    0.5643546360E-62
    0.3798547817E-62
    0.2555857579E-62
    0.1719133037E-62
    0.1155942788E-62
    0.7769936006E-63
    0.5220991962E-63
    0.3507060986E-63
    0.2354987211E-63
    0.1580843793E-63
    0.1060827486E-63
    0.7116331928E-64
    0.4772253287E-64
    0.3199240270E-64
    0.2144008680E-64
    0.1436358195E-64
    0.9619571671E-65
    0.6440294081E-65
    0.4310353344E-65
    0.2883881966E-65
    0.1928855734E-65
    0.1289673842E-65
    0.8620215785E-66
    0.5759896857E-66
    0.3847421961E-66
    0.2569115898E-66
    0.1714970119E-66
    0.1144428386E-66
    0.7634491342E-67
    0.5091329823E-67
    0.3394237399E-67
    0.2262107662E-67
    0.1507108841E-67
    0.1003775222E-67
    0.6683270599E-68
    0.4448386939E-68
    0.2959901228E-68
    0.1968852789E-68
    0.1309214627E-68
    0.8703025228E-69
    0.5783511963E-69
    0.3842158244E-69
    0.2551651048E-69
    0.1694064537E-69
    0.1124349848E-69
    0.7459952024E-70
    0.4948047576E-70
    0.3280916450E-70
    0.2174804159E-70
    0.1441149467E-70
    0.9546891571E-71
    0.6322360488E-71
    0.4185631835E-71
    0.2770176925E-71
    0.1832816159E-71
    0.1212259018E-71
    0.8015622681E-72
    0.5298398694E-72
    0.3501206567E-72
    0.2312899521E-72
    0.1527432166E-72
    0.1008401385E-72
    0.6655358750E-73
    0.4391129491E-73
    0.2896329410E-73
    0.1909795209E-73
    0.1258905060E-73
    0.8295960795E-74
    0.5465226098E-74
    0.3599295503E-74
    0.2369708895E-74
    0.1559699074E-74
    0.1026254672E-74
    0.6750534982E-75
    0.4439051100E-75
    0.2918174100E-75
    0.1917792202E-75
    0.1259973432E-75
    0.8275436473E-76
    0.5433633047E-76
    0.3566644051E-76
    0.2340450669E-76
    0.1535358027E-76
    0.1006909590E-76
    0.6601492300E-77
    0.4326779725E-77
    0.2835036542E-77
    0.1857051446E-77
    0.1216076223E-77
    0.7961033191E-78
    0.5210147700E-78
    0.3408809928E-78
    0.2229604713E-78
    0.1457892442E-78
    0.9530063720E-79
    0.6227862542E-79
    0.4068696654E-79
    0.2657326194E-79
    0.1735033533E-79
    0.1132516422E-79
    0.7390179008E-80
    0.4821025238E-80
    0.3144112166E-80
    0.2049892178E-80
    0.1336098720E-80
    0.8706042863E-81
    0.5671239108E-81
    0.3693262696E-81
    0.2404460819E-81
    0.1564950671E-81
    0.1018261264E-81
    0.6623592317E-82
    0.4307288314E-82
    0.2800209005E-82
    0.1819924142E-82
    0.1182476815E-82
    0.7680839128E-83
    0.4987714266E-83
    0.3237960157E-83
    0.2101448001E-83
    0.1363462454E-83
    0.8843929669E-84
    0.5734890276E-84
    0.3717772882E-84
    0.2409454225E-84
    0.1561107318E-84
    0.1011172539E-84
    0.6547814587E-85
    0.4238832449E-85
    0.2743311154E-85
    0.1774937237E-85
    0.1148074881E-85
    0.7423981525E-86
    0.4799358280E-86
    0.3101767583E-86
    0.2004081108E-86
    0.1294498238E-86
    0.8359261855E-87
    0.5396533285E-87
    0.3482911358E-87
    0.2247246854E-87
    0.1449573047E-87
    0.9347824714E-88
    0.6026460455E-88
    0.3884145800E-88
    0.2502709042E-88
    0.1612155736E-88
    0.1038210885E-88
    0.6684151461E-89
    0.4302186856E-89
    0.2768309870E-89
    0.1780831141E-89
    0.1145284946E-89
    0.7363550940E-90
    0.4733083135E-90
    0.3041474819E-90
    0.1953924299E-90
    0.1254916469E-90
    0.8057598822E-91
    0.5172260130E-91
    0.3319243649E-91
    0.2129521955E-91
    0.1365870372E-91
    0.8758331503E-92
    0.5614588913E-92
    0.3598316795E-92
    0.2305503750E-92
    0.1476785541E-92
    0.9457020897E-93
    0.6054478485E-93
    0.3875116489E-93
    0.2479582544E-93
    0.1586201366E-93
    0.1014434860E-93
    0.6485989787E-94
    0.4145861224E-94
    0.2649352951E-94
    0.1692589296E-94
    0.1081061064E-94
    0.6902968307E-95
    0.4406651475E-95
    0.2812346641E-95
    0.1794388469E-95
    0.1144594661E-95
    0.7299191175E-96
    0.4653563974E-96
    0.2966092679E-96
    0.1890044254E-96
    0.1204058553E-96
    0.7668523778E-97
    0.4882751323E-97
    0.3108180772E-97
    0.1978048365E-97
    0.1258509983E-97
    0.8005080310E-98
    0.5090543335E-98
    0.3236325155E-98
    0.2056979058E-98
    0.1307065794E-98
    0.8303382268E-99
    0.5273546323E-99
    0.3348426680E-99
    0.2125539907E-99
    0.1348926598E-99
    0.8558508844-100
    0.5428736522-100
    0.3442630746-100
    0.2182595647-100
    0.1383398919-100
    0.8766233379-101
    0.5553543995-101
    0.3517378779-101
    0.2227203692-101
    0.1409914428-101
    0.8923140509-102
    0.5645923765-102
    0.3571451276-102
    0.2258640089-102
    0.1428045542-102
    0.9026719488-103
    0.5704411388-103
    0.3604000745-103
    0.2276418924-103
    0.1437516781-103
    0.9075430126-104
    0.5728160905-104
    0.3614573294-104
    0.2280304451-104
    0.1438211458-104
    0.9068738964-105
    0.5716963799-105
    0.3603118152-105
    0.2270315539-105
    0.1430173520-105
    0.9007124631-106
    0.5671248471-106
    0.3569984882-106
    0.2246722386-106
    0.1413604491-106
    0.8892052585-107
    0.5592060543-107
    0.3515908604-107
    0.2210035719-107
    0.1388855762-107
    0.8725920790-108
    0.5481025084-108
    0.3441983999-108
    0.2160989072-108
    0.1356416587-108
    0.8511978980-109
    0.5340292606-109
    0.3349629371-109
    0.2100514966-109
    0.1316898360-109
    0.8254225247-110
    0.5172471272-110
    0.3240542340-110
    0.2029716042-110
    0.1271015855-110
    0.7957284412-111
    0.4980548242-111
    0.3116649087-111
    0.1949832367-111
    0.1219566216-111
    0.7626273278-112
    0.4767803385-112
    0.2980049199-112
    0.1862206250-112
    0.1163406541-112
    0.7266658049-113
    0.4537718745-113
    0.2832958271-113
    0.1768245899-113
    0.1103430908-113
    0.6884109319-114
    0.4293887135-114
    0.2677650367-114
    0.1669389254-114
    0.1040547676-114
    0.6484359763-115
    0.4039923048-115
    0.2516402329-115
    0.1567069225-115
    0.9756578105-116
    0.6073069230-116
    0.3779378804-116
    0.2351441727-116
    0.1462681425-116
    0.9096349143-117
    0.5655701332-117
    0.3515668387-117
    0.2184899940-117
    0.1357555313-117
    0.8433075083-118
    0.5237414817-118
    0.3252000996-118
    0.2018771563-118
    0.1252929450-118
    0.7774439807-119
    0.4822972231-119
    0.2991325709-119
    0.1854880990-119
    0.1149931364-119
    0.7127404860-120
    0.4416667402-120
    0.2736288200-120
    0.1694856648-120
    0.1049562278-120
    0.6498119312-121
    0.4022272504-121
    0.2489199796-121
    0.1540113036-121
    0.9526867521-122
    0.5891860553-122
    0.3643004543-122
    0.2252018742-122
    0.1391840397-122
    0.8600271037-123
    0.5313004905-123
    0.3281510419-123
    0.2026343017-123
    0.1251001585-123
    0.7721622908-124
    0.4765025874-124
    0.2939869120-124
    0.1813413737-124
    0.1118335446-124
    0.6895308080-125
    0.4250517106-125
    0.2619609046-125
    0.1614127833-125
    0.9943658805-126
    0.6124370501-126
    0.3771236451-126
    0.2321738193-126
    0.1429058524-126
    0.8794156304-127
    0.5410605288-127
    0.3328167240-127
    0.2046784674-127
    0.1258481996-127
    0.7736237647-128
    0.4754672971-128
    0.2921592648-128
    0.1794844985-128
    0.1102408640-128
    0.6769658463-129
    0.4156229347-129
    0.2551179132-129
    0.1565637497-129
    0.9606172758-130
    0.5892757873-130
    0.3614064783-130
    0.2216065071-130
    0.1358558768-130
    0.8326908693-131
    0.5102684696-131
    0.3126247288-131
    0.1914951118-131
    0.1172740522-131
    0.7180524221-132
    0.4395623197-132
    0.2690264322-132
    0.1646189179-132
    0.1007105419-132
    0.6159998783-133
    0.3767011344-133
    0.2303159110-133
    0.1407867457-133
    0.8604200425-134
    0.5257391133-134
    0.3211745941-134
    0.1961658063-134
    0.1197889512-134
    0.7313439122-135
    0.4464142761-135
    0.2724370297-135
    0.1662286733-135
    0.1014045827-135
    0.6184736041-136
    0.3771349665-136
    0.2299241435-136
    0.1401472567-136
    0.8540768936-137
    0.5203814321-137
    0.3169999253-137
    0.1930675016-137
    0.1175633470-137
    0.7157272559-138
    0.4356483951-138
    0.2651170927-138
    0.1613067294-138
    0.9812518513-139
    0.5967904126-139
    0.3628913612-139
    0.2206200427-139
    0.1340994324-139
    0.8149344062-140
    0.4951447802-140
    0.3007846652-140
    0.1826809280-140
    0.1109289385-140
    0.6734583351-141
    0.4087812165-141
    0.2480764578-141
    0.1505201666-141
    0.9131002106-142
    0.5538050433-142
    0.3358227988-142
    0.2036002703-142
    0.1234131741-142
    0.7479279946-143
    0.4531826198-143
    0.2745376979-143
    0.1662823333-143
    0.1006944903-143
    0.6096504180-144
    0.3690385275-144
    0.2233460627-144
    0.1351452377-144
    0.8175967186-145
    0.4945310612-145
    0.2990640048-145
    0.1808218648-145
    0.1093085328-145
