     776.4357352    
     774.4440153    
     772.4566210    
     770.4735410    
     768.4947643    
     766.5202795    
     764.5500756    
     762.5841416    
     760.6224664    
     758.6650391    
     756.7118488    
     754.7628846    
     752.8181356    
     750.8775911    
     748.9412403    
     747.0090725    
     745.0810771    
     743.1572435    
     741.2375611    
     739.3220194    
     737.4106079    
     735.5033161    
     733.6001338    
     731.7010504    
     729.8060558    
     727.9151396    
     726.0282916    
     724.1455017    
     722.2667596    
     720.3920553    
     718.5213788    
     716.6547199    
     714.7920688    
     712.9334154    
     711.0787499    
     709.2280625    
     707.3813431    
     705.5385822    
     703.6997700    
     701.8648967    
     700.0339526    
     698.2069282    
     696.3838138    
     694.5646000    
     692.7492771    
     690.9378357    
     689.1302664    
     687.3265597    
     685.5267062    
     683.7306967    
     681.9385219    
     680.1501725    
     678.3656392    
     676.5849129    
     674.8079843    
     673.0348445    
     671.2654844    
     669.4998947    
     667.7380667    
     665.9799912    
     664.2256593    
     662.4750622    
     660.7281909    
     658.9850367    
     657.2455906    
     655.5098440    
     653.7777880    
     652.0494141    
     650.3247134    
     648.6036774    
     646.8862974    
     645.1725649    
     643.4624714    
     641.7560083    
     640.0531671    
     638.3539394    
     636.6583168    
     634.9662909    
     633.2778533    
     631.5929957    
     629.9117099    
     628.2339875    
     626.5598203    
     624.8892002    
     623.2221189    
     621.5585684    
     619.8985405    
     618.2420271    
     616.5890203    
     614.9395119    
     613.2934939    
     611.6509586    
     610.0118977    
     608.3763036    
     606.7441683    
     605.1154840    
     603.4902428    
     601.8684370    
     600.2500588    
     598.6351005    
     597.0235543    
     595.4154127    
     593.8106679    
     592.2093123    
     590.6113384    
     589.0167385    
     587.4255052    
     585.8376309    
     584.2531082    
     582.6719295    
     581.0940875    
     579.5195747    
     577.9483838    
     576.3805075    
     574.8159383    
     573.2546690    
     571.6966924    
     570.1420011    
     568.5905880    
     567.0424458    
     565.4975675    
     563.9559457    
     562.4175735    
     560.8824438    
     559.3505493    
     557.8218832    
     556.2964384    
     554.7742079    
     553.2551847    
     551.7393618    
     550.2267324    
     548.7172896    
     547.2110264    
     545.7079361    
     544.2080117    
     542.7112465    
     541.2176337    
     539.7271666    
     538.2398384    
     536.7556424    
     535.2745719    
     533.7966202    
     532.3217808    
     530.8500469    
     529.3814121    
     527.9158696    
     526.4534130    
     524.9940357    
     523.5377313    
     522.0844932    
     520.6343149    
     519.1871901    
     517.7431123    
     516.3020751    
     514.8640722    
     513.4290971    
     511.9971435    
     510.5682053    
     509.1422759    
     507.7193492    
     506.2994189    
     504.8824788    
     503.4685228    
     502.0575444    
     500.6495378    
     499.2444966    
     497.8424147    
     496.4432862    
     495.0471047    
     493.6538644    
     492.2635592    
     490.8761829    
     489.4917297    
     488.1101935    
     486.7315684    
     485.3558485    
     483.9830277    
     482.6131002    
     481.2460602    
     479.8819016    
     478.5206188    
     477.1622058    
     475.8066568    
     474.4539661    
     473.1041279    
     471.7571364    
     470.4129858    
     469.0716706    
     467.7331849    
     466.3975231    
     465.0646795    
     463.7346485    
     462.4074244    
     461.0830017    
     459.7613747    
     458.4425379    
     457.1264858    
     455.8132127    
     454.5027132    
     453.1949817    
     451.8900128    
     450.5878011    
     449.2883410    
     447.9916271    
     446.6976541    
     445.4064164    
     444.1179088    
     442.8321259    
     441.5490623    
     440.2687127    
     438.9910718    
     437.7161343    
     436.4438948    
     435.1743482    
     433.9074893    
     432.6433126    
     431.3818131    
     430.1229856    
     428.8668248    
     427.6133257    
     426.3624829    
     425.1142915    
     423.8687464    
     422.6258423    
     421.3855742    
     420.1479370    
     418.9129258    
     417.6805354    
     416.4507608    
     415.2235970    
     413.9990390    
     412.7770819    
     411.5577207    
     410.3409504    
     409.1267661    
     407.9151629    
     406.7061358    
     405.4996801    
     404.2957908    
     403.0944630    
     401.8956920    
     400.6994728    
     399.5058007    
     398.3146709    
     397.1260786    
     395.9400191    
     394.7564875    
     393.5754791    
     392.3969892    
     391.2210131    
     390.0475461    
     388.8765835    
     387.7081207    
     386.5421529    
     385.3786755    
     384.2176840    
     383.0591736    
     381.9031398    
     380.7495781    
     379.5984837    
     378.4498522    
     377.3036790    
     376.1599596    
     375.0186895    
     373.8798641    
     372.7434790    
     371.6095297    
     370.4780117    
     369.3489205    
     368.2222518    
     367.0980010    
     365.9761638    
     364.8567358    
     363.7397126    
     362.6250898    
     361.5128630    
     360.4030280    
     359.2955802    
     358.1905156    
     357.0878296    
     355.9875180    
     354.8895766    
     353.7940010    
     352.7007870    
     351.6099303    
     350.5214268    
     349.4352721    
     348.3514620    
     347.2699924    
     346.1908591    
     345.1140578    
     344.0395845    
     342.9674349    
     341.8976050    
     340.8300905    
     339.7648875    
     338.7019916    
     337.6413990    
     336.5831054    
     335.5271069    
     334.4733993    
     333.4219785    
     332.3728407    
     331.3259817    
     330.2813975    
     329.2390841    
     328.1990376    
     327.1612539    
     326.1257291    
     325.0924592    
     324.0614403    
     323.0326684    
     322.0061396    
     320.9818500    
     319.9597956    
     318.9399727    
     317.9223773    
     316.9070055    
     315.8938535    
     314.8829175    
     313.8741935    
     312.8676778    
     311.8633666    
     310.8612560    
     309.8613422    
     308.8636215    
     307.8680901    
     306.8747442    
     305.8835800    
     304.8945939    
     303.9077820    
     302.9231407    
     301.9406663    
     300.9603550    
     299.9822031    
     299.0062070    
     298.0323630    
     297.0606674    
     296.0911166    
     295.1237069    
     294.1584347    
     293.1952964    
     292.2342884    
     291.2754070    
     290.3186486    
     289.3640098    
     288.4114868    
     287.4610762    
     286.5127743    
     285.5665777    
     284.6224828    
     283.6804861    
     282.7405840    
     281.8027731    
     280.8670498    
     279.9334106    
     279.0018522    
     278.0723709    
     277.1449634    
     276.2196262    
     275.2963559    
     274.3751489    
     273.4560020    
     272.5389116    
     271.6238744    
     270.7108869    
     269.7999459    
     268.8910478    
     267.9841894    
     267.0793673    
     266.1765781    
     265.2758184    
     264.3770850    
     263.4803745    
     262.5856836    
     261.6930090    
     260.8023474    
     259.9136954    
     259.0270499    
     258.1424075    
     257.2597650    
     256.3791191    
     255.5004666    
     254.6238042    
     253.7491286    
     252.8764368    
     252.0057254    
     251.1369912    
     250.2702311    
     249.4054419    
     248.5426203    
     247.6817632    
     246.8228674    
     245.9659299    
     245.1109473    
     244.2579167    
     243.4068348    
     242.5576985    
     241.7105048    
     240.8652504    
     240.0219323    
     239.1805475    
     238.3410927    
     237.5035651    
     236.6679613    
     235.8342785    
     235.0025136    
     234.1726635    
     233.3447251    
     232.5186955    
     231.6945716    
     230.8723504    
     230.0520289    
     229.2336041    
     228.4170730    
     227.6024326    
     226.7896799    
     225.9788121    
     225.1698260    
     224.3627188    
     223.5574874    
     222.7541291    
     221.9526407    
     221.1530195    
     220.3552625    
     219.5593667    
     218.7653293    
     217.9731474    
     217.1828181    
     216.3943384    
     215.6077056    
     214.8229168    
     214.0399690    
     213.2588595    
     212.4795854    
     211.7021439    
     210.9265321    
     210.1527472    
     209.3807863    
     208.6106467    
     207.8423256    
     207.0758202    
     206.3111276    
     205.5482452    
     204.7871700    
     204.0278994    
     203.2704306    
     202.5147608    
     201.7608873    
     201.0088073    
     200.2585181    
     199.5100169    
     198.7633012    
     198.0183680    
     197.2752147    
     196.5338387    
     195.7942371    
     195.0564074    
     194.3203469    
     193.5860527    
     192.8535224    
     192.1227532    
     191.3937425    
     190.6664876    
     189.9409859    
     189.2172347    
     188.4952314    
     187.7749733    
     187.0564579    
     186.3396826    
     185.6246447    
     184.9113416    
     184.1997708    
     183.4899296    
     182.7818154    
     182.0754258    
     181.3707581    
     180.6678097    
     179.9665781    
     179.2670608    
     178.5692551    
     177.8731587    
     177.1787688    
     176.4860831    
     175.7950989    
     175.1058137    
     174.4182252    
     173.7323306    
     173.0481277    
     172.3656137    
     171.6847864    
     171.0056431    
     170.3281814    
     169.6523989    
     168.9782931    
     168.3058615    
     167.6351016    
     166.9660111    
     166.2985875    
     165.6328283    
     164.9687311    
     164.3062936    
     163.6455132    
     162.9863876    
     162.3289143    
     161.6730911    
     161.0189153    
     160.3663848    
     159.7154971    
     159.0662497    
     158.4186405    
     157.7726669    
     157.1283266    
     156.4856172    
     155.8445365    
     155.2050820    
     154.5672515    
     153.9310425    
     153.2964528    
     152.6634800    
     152.0321219    
     151.4023760    
     150.7742401    
     150.1477119    
     149.5227891    
     148.8994694    
     148.2777505    
     147.6576301    
     147.0391060    
     146.4221759    
     145.8068374    
     145.1930885    
     144.5809267    
     143.9703498    
     143.3613557    
     142.7539420    
     142.1481065    
     141.5438470    
     140.9411613    
     140.3400471    
     139.7405023    
     139.1425245    
     138.5461117    
     137.9512616    
     137.3579720    
     136.7662407    
     136.1760655    
     135.5874443    
     135.0003749    
     134.4148551    
     133.8308827    
     133.2484556    
     132.6675717    
     132.0882287    
     131.5104245    
     130.9341570    
     130.3594240    
     129.7862234    
     129.2145532    
     128.6444110    
     128.0757949    
     127.5087028    
     126.9431324    
     126.3790818    
     125.8165487    
     125.2555312    
     124.6960271    
     124.1380343    
     123.5815508    
     123.0265744    
     122.4731032    
     121.9211350    
     121.3706677    
     120.8216994    
     120.2742279    
     119.7282513    
     119.1837673    
     118.6407742    
     118.0992696    
     117.5592518    
     117.0207186    
     116.4836679    
     115.9480979    
     115.4140064    
     114.8813914    
     114.3502510    
     113.8205832    
     113.2923859    
     112.7656572    
     112.2403950    
     111.7165975    
     111.1942625    
     110.6733881    
     110.1539725    
     109.6360135    
     109.1195092    
     108.6044577    
     108.0908570    
     107.5787052    
     107.0680003    
     106.5587403    
     106.0509234    
     105.5445476    
     105.0396110    
     104.5361117    
     104.0340476    
     103.5334170    
     103.0342178    
     102.5364483    
     102.0401064    
     101.5451903    
     101.0516981    
     100.5596279    
     100.0689778    
     99.57974590    
     99.09193034    
     98.60552924    
     98.12054073    
     97.63696293    
     97.15479399    
     96.67403203    
     96.19467521    
     95.71672167    
     95.24016957    
     94.76501704    
     94.29126226    
     93.81890339    
     93.34793859    
     92.87836603    
     92.41018388    
     91.94339033    
     91.47798355    
     91.01396173    
     90.55132307    
     90.09006574    
     89.63018794    
     89.17168789    
     88.71456377    
     88.25881382    
     87.80443621    
     87.35142919    
     86.89979095    
     86.44951975    
     86.00061377    
     85.55307127    
     85.10689049    
     84.66206964    
     84.21860697    
     83.77650074    
     83.33574919    
     82.89635056    
     82.45830312    
     82.02160512    
     81.58625483    
     81.15225050    
     80.71959042    
     80.28827286    
     79.85829608    
     79.42965838    
     79.00235803    
     78.57639332    
     78.15176255    
     77.72846400    
     77.30649598    
     76.88585678    
     76.46654470    
     76.04855808    
     75.63189520    
     75.21655438    
     74.80253395    
     74.38983221    
     73.97844751    
     73.56837817    
     73.15962252    
     72.75217890    
     72.34604563    
     71.94122107    
     71.53770357    
     71.13549146    
     70.73458311    
     70.33497686    
     69.93667108    
     69.53966412    
     69.14395436    
     68.74954016    
     68.35641989    
     67.96459193    
     67.57405466    
     67.18480645    
     66.79684571    
     66.41017079    
     66.02478010    
     65.64067204    
     65.25784501    
     64.87629741    
     64.49602762    
     64.11703408    
     63.73931518    
     63.36286934    
     62.98769497    
     62.61379050    
     62.24115435    
     61.86978494    
     61.49968070    
     61.13084007    
     60.76326148    
     60.39694337    
     60.03188419    
     59.66808235    
     59.30553635    
     58.94424459    
     58.58420556    
     58.22541770    
     57.86787948    
     57.51158935    
     57.15654579    
     56.80274724    
     56.45019221    
     56.09887915    
     55.74880654    
     55.39997288    
     55.05237663    
     54.70601629    
     54.36089034    
     54.01699728    
     53.67433561    
     53.33290381    
     52.99270041    
     52.65372388    
     52.31597275    
     51.97944553    
     51.64414072    
     51.31005685    
     50.97719243    
     50.64554598    
     50.31511603    
     49.98590110    
     49.65789973    
     49.33111045    
     49.00553178    
     48.68116229    
     48.35800050    
     48.03604495    
     47.71529420    
     47.39574679    
     47.07740128    
     46.76025622    
     46.44431017    
     46.12956169    
     45.81600935    
     45.50365171    
     45.19248733    
     44.88251480    
     44.57373268    
     44.26613956    
     43.95973401    
     43.65451460    
     43.35047995    
     43.04762863    
     42.74595922    
     42.44547032    
     42.14616054    
     41.84802846    
     41.55107269    
     41.25529184    
     40.96068450    
     40.66724929    
     40.37498482    
     40.08388971    
     39.79396256    
     39.50520201    
     39.21760668    
     38.93117518    
     38.64590615    
     38.36179821    
     38.07885001    
     37.79706017    
     37.51642732    
     37.23695013    
     36.95862722    
     36.68145723    
     36.40543882    
     36.13057065    
     35.85685135    
     35.58427959    
     35.31285402    
     35.04257331    
     34.77343612    
     34.50544111    
     34.23858696    
     33.97287232    
     33.70829588    
     33.44485631    
     33.18255228    
     32.92138250    
     32.66134561    
     32.40244032    
     32.14466532    
     31.88801928    
     31.63250091    
     31.37810891    
     31.12484196    
     30.87269877    
     30.62167803    
     30.37177847    
     30.12299876    
     29.87533764    
     29.62879381    
     29.38336599    
     29.13905288    
     28.89585321    
     28.65376571    
     28.41278908    
     28.17292206    
     27.93416338    
     27.69651177    
     27.45996596    
     27.22452468    
     26.99018667    
     26.75695067    
     26.52481543    
     26.29377968    
     26.06384217    
     25.83500165    
     25.60725688    
     25.38060661    
     25.15504958    
     24.93058456    
     24.70721030    
     24.48492558    
     24.26372916    
     24.04361979    
     23.82459625    
     23.60665732    
     23.38980176    
     23.17402834    
     22.95933586    
     22.74572308    
     22.53318879    
     22.32173177    
     22.11135081    
     21.90204470    
     21.69381222    
     21.48665219    
     21.28056337    
     21.07554458    
     20.87159461    
     20.66871227    
     20.46689635    
     20.26614567    
     20.06645904    
     19.86783525    
     19.67027312    
     19.47377148    
     19.27832913    
     19.08394489    
     18.89061758    
     18.69834604    
     18.50712907    
     18.31696551    
     18.12785419    
     17.93979393    
     17.75278358    
     17.56682196    
     17.38190792    
     17.19804028    
     17.01521789    
     16.83343961    
     16.65270427    
     16.47301072    
     16.29435781    
     16.11674438    
     15.94016929    
     15.76463142    
     15.59012959    
     15.41666268    
     15.24422954    
     15.07282905    
     14.90246006    
     14.73312145    
     14.56481207    
     14.39753082    
     14.23127655    
     14.06604813    
     13.90184447    
     13.73866442    
     13.57650687    
     13.41537071    
     13.25525481    
     13.09615806    
     12.93807937    
     12.78101760    
     12.62497166    
     12.46994045    
     12.31592285    
     12.16291778    
     12.01092411    
     11.85994077    
     11.70996666    
     11.56100067    
     11.41304172    
     11.26608872    
     11.12014058    
     10.97519621    
     10.83125453    
     10.68831446    
     10.54637491    
     10.40543481    
     10.26549307    
     10.12654863    
     9.988600412    
     9.851647344    
     9.715688354    
     9.580722375    
     9.446748338    
     9.313765184    
     9.181771845    
     9.050767266    
     8.920750381    
     8.791720140    
     8.663675493    
     8.536615373    
     8.410538725    
     8.285444520    
     8.161331693    
     8.038199206    
     7.916046009    
     7.794871060    
     7.674673321    
     7.555451749    
     7.437205310    
     7.319932970    
     7.203633692    
     7.088306442    
     6.973950182    
     6.860563900    
     6.748146561    
     6.636697144    
     6.526214613    
     6.416697958    
     6.308146155    
     6.200558190    
     6.093933031    
     5.988269688    
     5.883567120    
     5.779824340    
     5.677040321    
     5.575214066    
     5.474344560    
     5.374430796    
     5.275471791    
     5.177466511    
     5.080413983    
     4.984313197    
     4.889163159    
     4.794962884    
     4.701711358    
     4.609407602    
     4.518050630    
     4.427639443    
     4.338173061    
     4.249650490    
     4.162070764    
     4.075432883    
     3.989735886    
     3.904978778    
     3.821160586    
     3.738280345    
     3.656337071    
     3.575329780    
     3.495257527    
     3.416119332    
     3.337914224    
     3.260641244    
     3.184299425    
     3.108887797    
     3.034405416    
     2.960851309    
     2.888224516    
     2.816524090    
     2.745749076    
     2.675898521    
     2.606971473    
     2.538966967    
     2.471884075    
     2.405721851    
     2.340479327    
     2.276155575    
     2.212749662    
     2.150260624    
     2.088687548    
     2.028029467    
     1.968285473    
     1.909454615    
     1.851535968    
     1.794528595    
     1.738431561    
     1.683243954    
     1.628964831    
     1.575593272    
     1.523128354    
     1.471569163    
     1.420914754    
     1.371164225    
     1.322316667    
     1.274371148    
     1.227326743    
     1.181182568    
     1.135937691    
     1.091591197    
     1.048142198    
     1.005589764    
    0.9639330017    
    0.9231710008    
    0.8833028637    
    0.8443276801    
    0.8062445547    
    0.7690525909    
    0.7327508861    
    0.6973385445    
    0.6628146721    
    0.6291783720    
    0.5964287627    
    0.5645649412    
    0.5335860376    
    0.5034911409    
    0.4742793776    
    0.4459498643    
    0.4185017124    
    0.3919340391    
    0.3662459624    
    0.3414366127    
    0.3175051047    
    0.2944505580    
    0.2722721123    
    0.2509688810    
    0.2305399971    
    0.2109845898    
    0.1923017802    
    0.1744907240    
    0.1575505249    
    0.1414803320    
    0.1262792903    
    0.1119465218    
    0.9848116571E-01
    0.8588237036E-01
    0.7414928661E-01
    0.6328103598E-01
    0.5327676376E-01
    0.4413563362E-01
    0.3585677291E-01
    0.2843934903E-01
    0.2188249957E-01
    0.1618537074E-01
    0.1134712598E-01
    0.7366907550E-02
    0.4243889358E-02
    0.1977201551E-02
    0.5660201423E-03
    0.9498558939E-05
    0.3067920916E-03
    0.1457071397E-02
    0.3459499218E-02
    0.6313226186E-02
    0.1001743134E-01
    0.1457127579E-01
    0.1997392741E-01
    0.2622455591E-01
    0.3332233476E-01
    0.4126642505E-01
    0.5005601468E-01
    0.5969026941E-01
    0.7016836223E-01
    0.8148947777E-01
    0.9365279251E-01
    0.1066574850    
    0.1205027327    
    0.1351877155    
    0.1507116277    
    0.1670736498    
    0.1842729540    
    0.2023087447    
    0.2211802017    
    0.2408865222    
    0.2614268814    
    0.2828004910    
    0.3050065343    
    0.3280442026    
    0.3519126906    
    0.3766112078    
    0.4021389401    
    0.4284950942    
    0.4556788655    
    0.4836894656    
    0.5125260770    
    0.5421879231    
    0.5726742093    
    0.6039841333    
    0.6361169014    
    0.6690717363    
    0.7028478328    
    0.7374444085    
    0.7728606814    
    0.8090958649    
    0.8461491645    
    0.8840198058    
    0.9227070019    
    0.9622099756    
     1.002527945    
     1.043660131    
     1.085605755    
     1.128364037    
     1.171934207    
     1.216315494    
     1.261507116    
     1.307508309    
     1.354318297    
     1.401936310    
     1.450361588    
     1.499593357    
     1.549630853    
     1.600473306    
     1.652119957    
     1.704570043    
     1.757822806    
     1.811877481    
     1.866733306    
     1.922389538    
     1.978845402    
     2.036100147    
     2.094153031    
     2.153003284    
     2.212650161    
     2.273092914    
     2.334330786    
     2.396363034    
     2.459188904    
     2.522807657    
     2.587218544    
     2.652420813    
     2.718413734    
     2.785196556    
     2.852768546    
     2.921128944    
     2.990277035    
     3.060212071    
     3.130933317    
     3.202440033    
     3.274731489    
     3.347806950    
     3.421665685    
     3.496306959    
     3.571730044    
     3.647934206    
     3.724918735    
     3.802682878    
     3.881225932    
     3.960547157    
     4.040645836    
     4.121521245    
     4.203172660    
     4.285599366    
     4.368800643    
     4.452775758    
     4.537524016    
     4.623044679    
     4.709337059    
     4.796400409    
     4.884234049    
     4.972837237    
     5.062209280    
     5.152349466    
     5.243257084    
     5.334931422    
     5.427371776    
     5.520577437    
     5.614547707    
     5.709281885    
     5.804779254    
     5.901039124    
     5.998060786    
     6.095843547    
     6.194386710    
     6.293689568    
     6.393751435    
     6.494571606    
     6.596149394    
     6.698484095    
     6.801575031    
     6.905421497    
     7.010022809    
     7.115378282    
     7.221487215    
     7.328348931    
     7.435962737    
     7.544327953    
     7.653443886    
     7.763309862    
     7.873925194    
     7.985289190    
     8.097401189    
     8.210260499    
     8.323866452    
     8.438218354    
     8.553315531    
     8.669157330    
     8.785743045    
     8.903072020    
     9.021143577    
     9.139957051    
     9.259511760    
     9.379807036    
     9.500842220    
     9.622616634    
     9.745129613    
     9.868380496    
     9.992368608    
     10.11709329    
     10.24255388    
     10.36874972    
     10.49568014    
     10.62334449    
     10.75174209    
     10.88087230    
     11.01073445    
     11.14132790    
     11.27265199    
     11.40470605    
     11.53748944    
     11.67100149    
     11.80524158    
     11.94020903    
     12.07590320    
     12.21232343    
     12.34946909    
     12.48733953    
     12.62593410    
     12.76525214    
     12.90529302    
     13.04605609    
     13.18754072    
     13.32974625    
     13.47267205    
     13.61631747    
     13.76068189    
     13.90576466    
     14.05156514    
     14.19808269    
     14.34531669    
     14.49326648    
     14.64193145    
     14.79131096    
     14.94140437    
     15.09221107    
     15.24373040    
     15.39596174    
     15.54890448    
     15.70255797    
     15.85692160    
     16.01199473    
     16.16777674    
     16.32426701    
     16.48146491    
     16.63936982    
     16.79798113    
     16.95729819    
     17.11732041    
     17.27804716    
     17.43947781    
     17.60161177    
     17.76444841    
     17.92798710    
     18.09222724    
     18.25716822    
     18.42280942    
     18.58915022    
     18.75619002    
     18.92392821    
     19.09236418    
     19.26149731    
     19.43132701    
     19.60185266    
     19.77307365    
     19.94498939    
     20.11759926    
     20.29090266    
     20.46489901    
     20.63958767    
     20.81496807    
     20.99103959    
     21.16780164    
     21.34525361    
     21.52339492    
     21.70222496    
     21.88174314    
     22.06194885    
     22.24284152    
     22.42442054    
     22.60668531    
     22.78963526    
     22.97326978    
     23.15758829    
     23.34259020    
     23.52827491    
     23.71464184    
     23.90169040    
     24.08942001    
     24.27783007    
     24.46692001    
     24.65668924    
     24.84713718    
     25.03826323    
     25.23006683    
     25.42254739    
     25.61570434    
     25.80953708    
     26.00404505    
     26.19922766    
     26.39508434    
     26.59161450    
     26.78881759    
     26.98669303    
     27.18524022    
     27.38445861    
     27.58434761    
     27.78490668    
     27.98613522    
     28.18803267    
     28.39059845    
     28.59383201    
     28.79773277    
     29.00230017    
     29.20753363    
     29.41343261    
     29.61999653    
     29.82722481    
     30.03511691    
     30.24367226    
     30.45289030    
     30.66277047    
     30.87331221    
     31.08451496    
     31.29637815    
     31.50890123    
     31.72208364    
     31.93592484    
     32.15042425    
     32.36558134    
     32.58139554    
     32.79786629    
     33.01499305    
     33.23277526    
     33.45121238    
     33.67030385    
     33.89004912    
     34.11044765    
     34.33149888    
     34.55320227    
     34.77555727    
     34.99856334    
     35.22221992    
     35.44652648    
     35.67148247    
     35.89708735    
     36.12334057    
     36.35024159    
     36.57778987    
     36.80598488    
     37.03482607    
     37.26431290    
     37.49444484    
     37.72522134    
     37.95664187    
     38.18870589    
     38.42141287    
     38.65476228    
     38.88875358    
     39.12338623    
     39.35865971    
     39.59457348    
     39.83112701    
     40.06831977    
     40.30615123    
     40.54462085    
     40.78372813    
     41.02347252    
     41.26385350    
     41.50487053    
     41.74652311    
     41.98881070    
     42.23173277    
     42.47528880    
     42.71947828    
     42.96430067    
     43.20975546    
     43.45584212    
     43.70256014    
     43.94990900    
     44.19788817    
     44.44649714    
     44.69573540    
     44.94560242    
     45.19609768    
     45.44722068    
     45.69897090    
     45.95134782    
     46.20435093    
     46.45797972    
     46.71223368    
     46.96711229    
     47.22261504    
     47.47874143    
     47.73549094    
     47.99286306    
     48.25085730    
     48.50947313    
     48.76871006    
     49.02856757    
     49.28904516    
     49.55014232    
     49.81185856    
     50.07419337    
     50.33714625    
     50.60071668    
     50.86490417    
     51.12970823    
     51.39512835    
     51.66116402    
     51.92781476    
     52.19508005    
     52.46295943    
     52.73145236    
     53.00055837    
     53.27027693    
     53.54060760    
     53.81154984    
     54.08310317    
     54.35526711    
     54.62804115    
     54.90142481    
     55.17541758    
     55.45001898    
     55.72522853    
     56.00104573    
     56.27747008    
     56.55450112    
     56.83213834    
     57.11038126    
     57.38922939    
     57.66868225    
     57.94873935    
     58.22940021    
     58.51066434    
     58.79253125    
     59.07500048    
     59.35807154    
     59.64174393    
     59.92601719    
     60.21089082    
     60.49636436    
     60.78243733    
     61.06910924    
     61.35637961    
     61.64424798    
     61.93271386    
     62.22177677    
     62.51143625    
     62.80169181    
     63.09254298    
     63.38398930    
     63.67603027    
     63.96866544    
     64.26189433    
     64.55571647    
     64.85013138    
     65.14513861    
     65.44073768    
     65.73692811    
     66.03370945    
     66.33108123    
     66.62904296    
     66.92759420    
     67.22673447    
     67.52646331    
     67.82678025    
     68.12768484    
     68.42917660    
     68.73125507    
     69.03391979    
     69.33717030    
     69.64100614    
     69.94542684    
     70.25043195    
     70.55602101    
     70.86219355    
     71.16894912    
     71.47628726    
     71.78420751    
     72.09270943    
     72.40179254    
     72.71145640    
     73.02170054    
     73.33252452    
     73.64392788    
     73.95591016    
     74.26847093    
     74.58160971    
     74.89532606    
     75.20961954    
     75.52448968    
     75.83993603    
     76.15595817    
     76.47255562    
     76.78972794    
     77.10747469    
     77.42579541    
     77.74468967    
     78.06415701    
     78.38419698    
     78.70480914    
     79.02599305    
     79.34774828    
     79.67007436    
     79.99297086    
     80.31643733    
     80.64047334    
     80.96507844    
     81.29025220    
     81.61599416    
     81.94230390    
     82.26918096    
     82.59662492    
     82.92463535    
     83.25321178    
     83.58235381    
     83.91206098    
     84.24233284    
     84.57316899    
     84.90456899    
     85.23653237    
     85.56905874    
     85.90214764    
     86.23579865    
     86.57001133    
     86.90478524    
     87.24011998    
     87.57601509    
     87.91247014    
     88.24948472    
     88.58705840    
     88.92519073    
     89.26388129    
     89.60312967    
     89.94293542    
     90.28329812    
     90.62421736    
     90.96569269    
     91.30772370    
     91.65030996    
     91.99345106    
     92.33714655    
     92.68139603    
     93.02619906    
     93.37155525    
     93.71746414    
     94.06392533    
     94.41093840    
     94.75850292    
     95.10661847    
     95.45528465    
     95.80450102    
     96.15426718    
     96.50458270    
     96.85544717    
     97.20686017    
     97.55882129    
     97.91133010    
     98.26438619    
     98.61798917    
     98.97213859    
     99.32683407    
     99.68207517    
     100.0378615    
     100.3941926    
     100.7510681    
     101.1084876    
     101.4664507    
     101.8249570    
     102.1840060    
     102.5435973    
     102.9037306    
     103.2644054    
     103.6256214    
     103.9873780    
     104.3496750    
     104.7125118    
     105.0758882    
     105.4398036    
     105.8042578    
     106.1692502    
     106.5347805    
     106.9008483    
     107.2674532    
     107.6345947    
     108.0022725    
     108.3704862    
     108.7392353    
     109.1085195    
     109.4783384    
     109.8486915    
     110.2195785    
     110.5909990    
     110.9629526    
     111.3354388    
     111.7084574    
     112.0820078    
     112.4560896    
     112.8307026    
     113.2058463    
     113.5815203    
     113.9577242    
     114.3344576    
     114.7117201    
     115.0895114    
     115.4678310    
     115.8466785    
     116.2260536    
     116.6059558    
     116.9863849    
     117.3673403    
     117.7488217    
     118.1308287    
     118.5133609    
     118.8964179    
     119.2799994    
     119.6641049    
     120.0487341    
     120.4338866    
     120.8195619    
     121.2057598    
     121.5924798    
     121.9797215    
     122.3674846    
     122.7557687    
     123.1445733    
     123.5338982    
     123.9237428    
     124.3141069    
     124.7049901    
     125.0963919    
     125.4883120    
     125.8807501    
     126.2737057    
     126.6671784    
     127.0611679    
     127.4556738    
     127.8506958    
     128.2462334    
     128.6422862    
     129.0388539    
     129.4359362    
     129.8335326    
     130.2316427    
     130.6302663    
     131.0294028    
     131.4290520    
     131.8292135    
     132.2298869    
     132.6310718    
     133.0327678    
     133.4349746    
     133.8376918    
     134.2409190    
     134.6446559    
     135.0489021    
     135.4536573    
     135.8589209    
     136.2646928    
     136.6709725    
     137.0777596    
     137.4850538    
     137.8928547    
     138.3011620    
     138.7099752    
     139.1192941    
     139.5291182    
     139.9394472    
     140.3502808    
     140.7616184    
     141.1734599    
     141.5858048    
     141.9986527    
     142.4120034    
     142.8258564    
     143.2402114    
     143.6550680    
     144.0704258    
     144.4862846    
     144.9026439    
     145.3195033    
     145.7368626    
     146.1547213    
     146.5730792    
     146.9919357    
     147.4112907    
     147.8311437    
     148.2514943    
     148.6723423    
     149.0936872    
     149.5155287    
     149.9378665    
     150.3607001    
     150.7840293    
     151.2078537    
     151.6321729    
     152.0569866    
     152.4822944    
     152.9080960    
     153.3343909    
     153.7611790    
     154.1884598    
     154.6162329    
     155.0444980    
     155.4732548    
     155.9025030    
     156.3322421    
     156.7624718    
     157.1931917    
     157.6244016    
     158.0561011    
     158.4882898    
     158.9209673    
     159.3541334    
     159.7877877    
     160.2219298    
     160.6565594    
     161.0916761    
     161.5272797    
     161.9633697    
     162.3999458    
     162.8370077    
     163.2745551    
     163.7125875    
     164.1511046    
     164.5901062    
     165.0295918    
     165.4695612    
     165.9100139    
     166.3509496    
     166.7923681    
     167.2342689    
     167.6766517    
     168.1195162    
     168.5628621    
     169.0066889    
     169.4509964    
     169.8957843    
     170.3410521    
     170.7867996    
     171.2330264    
     171.6797322    
     172.1269166    
     172.5745794    
     173.0227201    
     173.4713384    
     173.9204341    
     174.3700068    
     174.8200560    
     175.2705816    
     175.7215832    
     176.1730604    
     176.6250129    
     177.0774404    
     177.5303426    
     177.9837190    
     178.4375695    
     178.8918936    
     179.3466910    
     179.8019615    
     180.2577046    
     180.7139200    
     181.1706075    
     181.6277666    
     182.0853971    
     182.5434987    
     183.0020709    
     183.4611135    
     183.9206262    
     184.3806085    
     184.8410603    
     185.3019812    
     185.7633708    
     186.2252288    
     186.6875550    
     187.1503489    
     187.6136103    
     188.0773388    
     188.5415341    
     189.0061959    
     189.4713238    
     189.9369177    
     190.4029770    
     190.8695015    
     191.3364910    
     191.8039449    
     192.2718631    
     192.7402453    
     193.2090910    
     193.6784001    
     194.1481721    
     194.6184067    
     195.0891037    
     195.5602627    
     196.0318834    
     196.5039655    
     196.9765086    
     197.4495125    
     197.9229768    
     198.3969012    
     198.8712855    
     199.3461292    
     199.8214321    
     200.2971938    
     200.7734141    
     201.2500927    
     201.7272291    
     202.2048232    
     202.6828745    
     203.1613829    
     203.6403479    
     204.1197693    
     204.5996467    
     205.0799799    
     205.5607684    
     206.0420122    
     206.5237107    
     207.0058637    
     207.4884709    
     207.9715320    
     208.4550467    
     208.9390146    
     209.4234355    
     209.9083091    
     210.3936350    
     210.8794129    
     211.3656426    
     211.8523237    
     212.3394559    
     212.8270389    
     213.3150725    
     213.8035562    
     214.2924899    
     214.7818732    
     215.2717057    
     215.7619873    
     216.2527175    
     216.7438961    
     217.2355228    
     217.7275973    
     218.2201192    
     218.7130884    
     219.2065044    
     219.7003670    
     220.1946759    
     220.6894307    
     221.1846313    
     221.6802772    
     222.1763681    
     222.6729039    
     223.1698842    
     223.6673086    
     224.1651769    
     224.6634888    
     225.1622440    
     225.6614422    
     226.1610831    
     226.6611664    
     227.1616917    
     227.6626589    
     228.1640677    
     228.6659176    
     229.1682084    
     229.6709399    
     230.1741118    
     230.6777236    
     231.1817752    
     231.6862663    
     232.1911965    
     232.6965656    
     233.2023733    
     233.7086193    
     234.2153032    
     234.7224249    
     235.2299839    
     235.7379801    
     236.2464132    
     236.7552827    
     237.2645885    
     237.7743303    
     238.2845078    
     238.7951206    
     239.3061685    
     239.8176512    
     240.3295685    
     240.8419200    
     241.3547054    
     241.8679245    
     242.3815769    
     242.8956625    
     243.4101808    
     243.9251316    
     244.4405147    
     244.9563297    
     245.4725764    
     245.9892544    
     246.5063635    
     247.0239035    
     247.5418739    
     248.0602746    
     248.5791052    
     249.0983655    
     249.6180552    
     250.1381740    
     250.6587216    
     251.1796977    
     251.7011021    
     252.2229345    
     252.7451946    
     253.2678821    
     253.7909967    
     254.3145382    
     254.8385063    
     255.3629006    
     255.8877210    
     256.4129671    
     256.9386387    
     257.4647355    
     257.9912571    
     258.5182034    
     259.0455741    
     259.5733688    
     260.1015873    
     260.6302293    
     261.1592946    
     261.6887828    
     262.2186937    
     262.7490271    
     263.2797825    
     263.8109599    
     264.3425588    
     264.8745791    
     265.4070203    
     265.9398824    
     266.4731650    
     267.0068677    
     267.5409905    
     268.0755329    
     268.6104947    
     269.1458756    
     269.6816754    
     270.2178938    
     270.7545305    
     271.2915853    
     271.8290578    
     272.3669478    
     272.9052551    
     273.4439794    
     273.9831203    
     274.5226777    
     275.0626512    
     275.6030406    
     276.1438456    
     276.6850660    
     277.2267015    
     277.7687518    
     278.3112166    
     278.8540958    
     279.3973889    
     279.9410958    
     280.4852161    
     281.0297497    
     281.5746963    
     282.1200555    
     282.6658272    
     283.2120110    
     283.7586067    
     284.3056140    
     284.8530327    
     285.4008625    
     285.9491031    
     286.4977543    
     287.0468158    
     287.5962874    
     288.1461687    
     288.6964595    
     289.2471597    
     289.7982688    
     290.3497866    
     290.9017130    
     291.4540475    
     292.0067900    
