    -1162364.595    
    0.1870360081    
    0.1918755854    
    0.1968008838    
    0.2018121214    
    0.2069094743    
    0.2120930700    
    0.2173629907    
    0.2227192681    
    0.2281618834    
    0.2336907698    
    0.2393058057    
    0.2450068158    
    0.2507935717    
    0.2566657881    
    0.2626231241    
    0.2686651830    
    0.2747915053    
    0.2810015762    
    0.2872948168    
    0.2936705923    
    0.3001282003    
    0.3066668780    
    0.3132858020    
    0.3199840768    
    0.3267607536    
    0.3336148077    
    0.3405451571    
    0.3475506447    
    0.3546300551    
    0.3617820994    
    0.3690054270    
    0.3762986165    
    0.3836601766    
    0.3910885522    
    0.3985821189    
    0.4061391854    
    0.4137579892    
    0.4214367071    
    0.4291734385    
    0.4369662233    
    0.4448130343    
    0.4527117727    
    0.4606602766    
    0.4686563252    
    0.4766976235    
    0.4847818148    
    0.4929064845    
    0.5010691521    
    0.5092672746    
    0.5174982478    
    0.5257594167    
    0.5340480568    
    0.5423613942    
    0.5506965978    
    0.5590507802    
    0.5674210085    
    0.5758042837    
    0.5841975745    
    0.5925977929    
    0.6010018043    
    0.6094064324    
    0.6178084559    
    0.6262046164    
    0.6345916122    
    0.6429661104    
    0.6513247352    
    0.6596640901    
    0.6679807420    
    0.6762712279    
    0.6845320598    
    0.6927597364    
    0.7009507199    
    0.7091014690    
    0.7172084191    
    0.7252679886    
    0.7332765961    
    0.7412306430    
    0.7491265309    
    0.7569606626    
    0.7647294213    
    0.7724292220    
    0.7800564639    
    0.7876075639    
    0.7950789495    
    0.8024670558    
    0.8097683471    
    0.8169792926    
    0.8240964018    
    0.8311161888    
    0.8380352200    
    0.8448500667    
    0.8515573593    
    0.8581537483    
    0.8646359287    
    0.8710006400    
    0.8772446611    
    0.8833648282    
    0.8893580126    
    0.8952211644    
    0.9009512570    
    0.9065453551    
    0.9120005549    
    0.9173140373    
    0.9224830341    
    0.9275048613    
    0.9323768915    
    0.9370965780    
    0.9416614444    
    0.9460690935    
    0.9503172163    
    0.9544035661    
    0.9583259964    
    0.9620824432    
    0.9656709212    
    0.9690895396    
    0.9723365084    
    0.9754101099    
    0.9783087287    
    0.9810308568    
    0.9835750674    
    0.9859400275    
    0.9881245177    
    0.9901274177    
    0.9919476822    
    0.9935844104    
    0.9950367632    
    0.9963040368    
    0.9973856089    
    0.9982809661    
    0.9989897094    
    0.9995115365    
    0.9998462508    
    0.9999937621    
    0.9999540874    
    0.9997273372    
    0.9993137423    
    0.9987136354    
    0.9979274459    
    0.9969557097    
    0.9957990687    
    0.9944582692    
    0.9929341441    
    0.9912276485    
    0.9893398215    
    0.9872718042    
    0.9850248457    
    0.9826002726    
    0.9799995278    
    0.9772241253    
    0.9742756935    
    0.9711559367    
    0.9678666492    
    0.9644097193    
    0.9607871164    
    0.9570008879    
    0.9530531797    
    0.9489462054    
    0.9446822521    
    0.9402636853    
    0.9356929566    
    0.9309725706    
    0.9261051139    
    0.9210932318    
    0.9159396340    
    0.9106470933    
    0.9052184492    
    0.8996565895    
    0.8939644501    
    0.8881450390    
    0.8822013902    
    0.8761366027    
    0.8699538077    
    0.8636561732    
    0.8572469263    
    0.8507293120    
    0.8441066082    
    0.8373821381    
    0.8305592360    
    0.8236412711    
    0.8166316267    
    0.8095337194    
    0.8023509625    
    0.7950868016    
    0.7877446901    
    0.7803280804    
    0.7728404350    
    0.7652852321    
    0.7576659354    
    0.7499860143    
    0.7422489356    
    0.7344581511    
    0.7266171164    
    0.7187292595    
    0.7107980113    
    0.7028267750    
    0.6948189414    
    0.6867778763    
    0.6787069206    
    0.6706094010    
    0.6624886054    
    0.6543477980    
    0.6461902077    
    0.6380190364    
    0.6298374468    
    0.6216485653    
    0.6134554783    
    0.6052612341    
    0.5970688331    
    0.5888812456    
    0.5807013817    
    0.5725321116    
    0.5643762581    
    0.5562365897    
    0.5481158322    
    0.5400166546    
    0.5319416683    
    0.5238934438    
    0.5158744823    
    0.5078872390    
    0.4999341074    
    0.4920174245    
    0.4841394652    
    0.4763024555    
    0.4685085516    
    0.4607598514    
    0.4530583976    
    0.4454061668    
    0.4378050746    
    0.4302569771    
    0.4227636625    
    0.4153268656    
    0.4079482571    
    0.4006294356    
    0.3933719518    
    0.3861772821    
    0.3790468494    
    0.3719820079    
    0.3649840558    
    0.3580542258    
    0.3511936912    
    0.3444035675    
    0.3376849032    
    0.3310386902    
    0.3244658639    
    0.3179672968    
    0.3115438073    
    0.3051961506    
    0.2989250309    
    0.2927310912    
    0.2866149241    
    0.2805770611    
    0.2746179877    
    0.2687381312    
    0.2629378666    
    0.2572175206    
    0.2515773664    
    0.2460176306    
    0.2405384910    
    0.2351400753    
    0.2298224693    
    0.2245857090    
    0.2194297890    
    0.2143546595    
    0.2093602289    
    0.2044463630    
    0.1996128903    
    0.1948595992    
    0.1901862396    
    0.1855925248    
    0.1810781324    
    0.1766427076    
    0.1722858598    
    0.1680071662    
    0.1638061768    
    0.1596824062    
    0.1556353437    
    0.1516644504    
    0.1477691592    
    0.1439488792    
    0.1402029949    
    0.1365308665    
    0.1329318333    
    0.1294052134    
    0.1259503027    
    0.1225663812    
    0.1192527083    
    0.1160085280    
    0.1128330688    
    0.1097255424    
    0.1066851476    
    0.1037110700    
    0.1008024835    
    0.9795855049E-01
    0.9517842397E-01
    0.9246124621E-01
    0.8980615227E-01
    0.8721226891E-01
    0.8467871679E-01
    0.8220461025E-01
    0.7978905880E-01
    0.7743116737E-01
    0.7513003777E-01
    0.7288476829E-01
    0.7069445567E-01
    0.6855819557E-01
    0.6647508248E-01
    0.6444421052E-01
    0.6246467490E-01
    0.6053557233E-01
    0.5865600097E-01
    0.5682506161E-01
    0.5504185685E-01
    0.5330549504E-01
    0.5161508611E-01
    0.4996974616E-01
    0.4836859575E-01
    0.4681076044E-01
    0.4529537256E-01
    0.4382156967E-01
    0.4238849676E-01
    0.4099530605E-01
    0.3964115636E-01
    0.3832521513E-01
    0.3704665658E-01
    0.3580466508E-01
    0.3459843229E-01
    0.3342715948E-01
    0.3229005661E-01
    0.3118634364E-01
    0.3011524963E-01
    0.2907601377E-01
    0.2806788505E-01
    0.2709012301E-01
    0.2614199712E-01
    0.2522278749E-01
    0.2433178503E-01
    0.2346829108E-01
    0.2263161802E-01
    0.2182108887E-01
    0.2103603803E-01
    0.2027581055E-01
    0.1953976278E-01
    0.1882726210E-01
    0.1813768717E-01
    0.1747042766E-01
    0.1682488459E-01
    0.1620047007E-01
    0.1559660719E-01
    0.1501273041E-01
    0.1444828533E-01
    0.1390272829E-01
    0.1337552702E-01
    0.1286615992E-01
    0.1237411643E-01
    0.1189889684E-01
    0.1144001200E-01
    0.1099698359E-01
    0.1056934391E-01
    0.1015663549E-01
    0.9758411483E-02
    0.9374235185E-02
    0.9003680077E-02
    0.8646329749E-02
    0.8301777627E-02
    0.7969626998E-02
    0.7649490845E-02
    0.7340991662E-02
    0.7043761354E-02
    0.6757441206E-02
    0.6481681567E-02
    0.6216141817E-02
    0.5960490223E-02
    0.5714403768E-02
    0.5477568026E-02
    0.5249676998E-02
    0.5030432960E-02
    0.4819546403E-02
    0.4616735767E-02
    0.4421727323E-02
    0.4234255063E-02
    0.4054060545E-02
    0.3880892703E-02
    0.3714507704E-02
    0.3554668867E-02
    0.3401146435E-02
    0.3253717469E-02
    0.3112165679E-02
    0.2976281308E-02
    0.2845860954E-02
    0.2720707419E-02
    0.2600629625E-02
    0.2485442400E-02
    0.2374966401E-02
    0.2269027929E-02
    0.2167458788E-02
    0.2070096185E-02
    0.1976782598E-02
    0.1887365587E-02
    0.1801697728E-02
    0.1719636418E-02
    0.1641043838E-02
    0.1565786717E-02
    0.1493736304E-02
    0.1424768202E-02
    0.1358762238E-02
    0.1295602372E-02
    0.1235176570E-02
    0.1177376703E-02
    0.1122098401E-02
    0.1069240984E-02
    0.1018707330E-02
    0.9704037838E-03
    0.9242400383E-03
    0.8801290576E-03
    0.8379869542E-03
    0.7977328993E-03
    0.7592890430E-03
    0.7225804046E-03
    0.6875347893E-03
    0.6540826990E-03
    0.6221572444E-03
    0.5916940668E-03
    0.5626312500E-03
    0.5349092487E-03
    0.5084707968E-03
    0.4832608432E-03
    0.4592264764E-03
    0.4363168473E-03
    0.4144831040E-03
    0.3936783213E-03
    0.3738574334E-03
    0.3549771713E-03
    0.3369960022E-03
    0.3198740603E-03
    0.3035731001E-03
    0.2880564236E-03
    0.2732888373E-03
    0.2592365962E-03
    0.2458673390E-03
    0.2331500558E-03
    0.2210550251E-03
    0.2095537675E-03
    0.1986190077E-03
    0.1882246166E-03
    0.1783455809E-03
    0.1689579492E-03
    0.1600388020E-03
    0.1515662005E-03
    0.1435191611E-03
    0.1358776062E-03
    0.1286223391E-03
    0.1217350003E-03
    0.1151980424E-03
    0.1089946920E-03
    0.1031089204E-03
    0.9752541526E-04
    0.9222954901E-04
    0.8720735275E-04
    0.8244548849E-04
    0.7793122340E-04
    0.7365240501E-04
    0.6959743625E-04
    0.6575525316E-04
    0.6211530258E-04
    0.5866751920E-04
    0.5540230642E-04
    0.5231051543E-04
    0.4938342621E-04
    0.4661272979E-04
    0.4399050925E-04
    0.4150922262E-04
    0.3916168847E-04
    0.3694106783E-04
    0.3484085004E-04
    0.3285483791E-04
    0.3097713440E-04
    0.2920212859E-04
    0.2752448261E-04
    0.2593912019E-04
    0.2444121382E-04
    0.2302617418E-04
    0.2168963859E-04
    0.2042746133E-04
    0.1923570258E-04
    0.1811062043E-04
    0.1704865988E-04
    0.1604644524E-04
    0.1510077166E-04
    0.1420859654E-04
    0.1336703222E-04
    0.1257333866E-04
    0.1182491598E-04
    0.1111929846E-04
    0.1045414708E-04
    0.9827244345E-05
    0.9236487908E-05
    0.8679885039E-05
    0.8155547178E-05
    0.7661685017E-05
    0.7196603395E-05
    0.6758696873E-05
    0.6346444993E-05
    0.5958408209E-05
    0.5593223843E-05
    0.5249602216E-05
    0.4926322835E-05
    0.4622231065E-05
    0.4336234622E-05
    0.4067300567E-05
    0.3814452093E-05
    0.3576765747E-05
    0.3353368626E-05
    0.3143435772E-05
    0.2946187718E-05
    0.2760888061E-05
    0.2586841234E-05
    0.2423390343E-05
    0.2269915142E-05
    0.2125830131E-05
    0.1990582623E-05
    0.1863651072E-05
    0.1744543400E-05
    0.1632795380E-05
    0.1527969145E-05
    0.1429651807E-05
    0.1337454063E-05
    0.1251008904E-05
    0.1169970445E-05
    0.1094012739E-05
    0.1022828660E-05
    0.9561289257E-06
    0.8936410563E-06
    0.8351084662E-06
    0.7802895774E-06
    0.7289569940E-06
    0.6808966825E-06
    0.6359072391E-06
    0.5937991772E-06
    0.5543942480E-06
    0.5175248089E-06
    0.4830332158E-06
    0.4507712518E-06
    0.4205995950E-06
    0.3923873013E-06
    0.3660113286E-06
    0.3413560651E-06
    0.3183129215E-06
    0.2967799049E-06
    0.2766612402E-06
    0.2578670113E-06
    0.2403128099E-06
    0.2239194181E-06
    0.2086124955E-06
    0.1943223000E-06
    0.1809834052E-06
    0.1685344497E-06
    0.1569178941E-06
    0.1460797898E-06
    0.1359695650E-06
    0.1265398234E-06
    0.1177461491E-06
    0.1095469270E-06
    0.1019031756E-06
    0.9477838405E-07
    0.8813836152E-07
    0.8195109630E-07
    0.7618662122E-07
    0.7081688890E-07
    0.6581565087E-07
    0.6115835044E-07
    0.5682201294E-07
    0.5278515126E-07
    0.4902767003E-07
    0.4553078121E-07
    0.4227692026E-07
    0.3924966929E-07
    0.3643368620E-07
    0.3381463512E-07
    0.3137912328E-07
    0.2911464165E-07
    0.2700950721E-07
    0.2505281145E-07
    0.2323437058E-07
    0.2154467815E-07
    0.1997486256E-07
    0.1851664524E-07
    0.1716230282E-07
    0.1590463077E-07
    0.1473691001E-07
    0.1365287479E-07
    0.1264668350E-07
    0.1171289051E-07
    0.1084642071E-07
    0.1004254443E-07
    0.9296855118E-08
    0.8605247672E-08
    0.7963898737E-08
    0.7369247737E-08
    0.6817979427E-08
    0.6307007473E-08
    0.5833459184E-08
    0.5394661148E-08
    0.4988125782E-08
    0.4611538849E-08
    0.4262747642E-08
    0.3939750139E-08
    0.3640684734E-08
    0.3363820621E-08
    0.3107548947E-08
    0.2870374426E-08
    0.2650907500E-08
    0.2447857198E-08
    0.2260024221E-08
    0.2086294662E-08
    0.1925634092E-08
    0.1777082071E-08
    0.1639746927E-08
    0.1512801078E-08
    0.1395476429E-08
    0.1287060310E-08
    0.1186891536E-08
    0.1094356791E-08
    0.1008887264E-08
    0.9299555108E-09
    0.8570724968E-09
    0.7897849065E-09
    0.7276725908E-09
    0.6703461919E-09
    0.6174449561E-09
    0.5686346853E-09
    0.5236058347E-09
    0.4820717287E-09
    0.4437669303E-09
    0.4084456950E-09
    0.3758805500E-09
    0.3458609696E-09
    0.3181921456E-09
    0.2926938431E-09
    0.2691993298E-09
    0.2475543990E-09
    0.2276164453E-09
    0.2092536134E-09
    0.1923440102E-09
    0.1767749684E-09
    0.1624423619E-09
    0.1492499790E-09
    0.1371089322E-09
    0.1259371120E-09
    0.1156586851E-09
    0.1062036252E-09
    0.9750727780E-10
    0.8950995599E-10
    0.8215657252E-10
    0.7539628765E-10
    0.6918219250E-10
    0.6347101178E-10
    0.5822282660E-10
    0.5340082250E-10
    0.4897105108E-10
    0.4490221458E-10
    0.4116545987E-10
    0.3773419511E-10
    0.3458391420E-10
    0.3169203728E-10
    0.2903776371E-10
    0.2660193268E-10
    0.2436689888E-10
    0.2231641393E-10
    0.2043551824E-10
    0.1871044136E-10
    0.1712850940E-10
    0.1567805893E-10
    0.1434835885E-10
    0.1312953687E-10
    0.1201251245E-10
    0.1098893477E-10
    0.1005112472E-10
    0.9192022557E-11
    0.8405138640E-11
    0.7684508391E-11
    0.7024650682E-11
    0.6420529358E-11
    0.5867518032E-11
    0.5361367121E-11
    0.4898173974E-11
    0.4474354995E-11
    0.4086620150E-11
    0.3731949294E-11
    0.3407570518E-11
    0.3110940121E-11
    0.2839724198E-11
    0.2591781641E-11
    0.2365148561E-11
    0.2158023809E-11
    0.1968755830E-11
    0.1795830449E-11
    0.1637859640E-11
    0.1493571205E-11
    0.1361799319E-11
    0.1241475775E-11
    0.1131621966E-11
    0.1031341515E-11
    0.9398134816E-12
    0.8562861200E-12
    0.7800711799E-12
    0.7105386068E-12
    0.6471117357E-12
    0.5892628252E-12
    0.5365090015E-12
    0.4884084965E-12
    0.4445572148E-12
    0.4045855787E-12
    0.3681556276E-12
    0.3349583620E-12
    0.3047113050E-12
    0.2771562655E-12
    0.2520572835E-12
    0.2291987507E-12
    0.2083836843E-12
    0.1894321440E-12
    0.1721797857E-12
    0.1564765287E-12
    0.1421853397E-12
    0.1291811192E-12
    0.1173496767E-12
    0.1065867964E-12
    0.9679738138E-13
    0.8789466562E-13
    0.7979949960E-13
    0.7243969001E-13
    0.6574939936E-13
    0.5966859568E-13
    0.5414254747E-13
    0.4912136526E-13
    0.4455957806E-13
    0.4041574974E-13
    0.3665212480E-13
    0.3323430897E-13
    0.3013097288E-13
    0.2731358397E-13
    0.2475615999E-13
    0.2243504553E-13
    0.2032870627E-13
    0.1841754177E-13
    0.1668371453E-13
    0.1511099374E-13
    0.1368461289E-13
    0.1239113962E-13
    0.1121835696E-13
    0.1015515492E-13
    0.9191431914E-14
    0.8318004339E-14
    0.7526524612E-14
    0.6809405980E-14
    0.6159754410E-14
    0.5571306085E-14
    0.5038370720E-14
    0.4555779797E-14
    0.4118839433E-14
    0.3723287352E-14
    0.3365253884E-14
    0.3041226173E-14
    0.2748015918E-14
    0.2482729630E-14
    0.2242741915E-14
    0.2025670880E-14
    0.1829355918E-14
    0.1651837424E-14
    0.1491338338E-14
    0.1346247421E-14
    0.1215103941E-14
    0.1096583843E-14
    0.9894871324E-15
    0.8927264020E-15
    0.8053164259E-15
    0.7263646598E-15
    0.6550626747E-15
    0.5906783147E-15
    0.5325486010E-15
    0.4800732931E-15
    0.4327090190E-15
    0.3899639639E-15
    0.3513930417E-15
    0.3165935169E-15
    0.2852010242E-15
    0.2568859647E-15
    0.2313502261E-15
    0.2083242172E-15
    0.1875641783E-15
    0.1688497299E-15
    0.1519816656E-15
    0.1367799415E-15
    0.1230818563E-15
    0.1107404020E-15
    0.9962277008E-16
    0.8960899676E-16
    0.8059073780E-16
    0.7247015388E-16
    0.6515890774E-16
    0.5857725263E-16
    0.5265320509E-16
    0.4732180083E-16
    0.4252441814E-16
    0.3820816544E-16
    0.3432532856E-16
    0.3083287079E-16
    0.2769197851E-16
    0.2486765300E-16
    0.2232833953E-16
    0.2004559261E-16
    0.1799377280E-16
    0.1614977433E-16
    0.1449277678E-16
    0.1300402172E-16
    0.1166661148E-16
    0.1046532640E-16
    0.9386460045E-17
    0.8417670755E-17
    0.7547847223E-17
    0.6766987284E-17
    0.6066088405E-17
    0.5437049089E-17
    0.4872579558E-17
    0.4366121479E-17
    0.3911775376E-17
    0.3504235154E-17
    0.3138729180E-17
    0.2810966954E-17
    0.2517091190E-17
    0.2253634598E-17
    0.2017480840E-17
    0.1805829438E-17
    0.1616164098E-17
    0.1446224190E-17
    0.1293979073E-17
    0.1157604947E-17
    0.1035464023E-17
    0.9260857238E-18
    0.8281498573E-18
    0.7404713544E-18
    0.6619866164E-18
    0.5917411789E-18
    0.5288786563E-18
    0.4726307530E-18
    0.4223083081E-18
    0.3772932282E-18
    0.3370312401E-18
    0.3010253640E-18
    0.2688300657E-18
    0.2400459691E-18
    0.2143151429E-18
    0.1913168327E-18
    0.1707636453E-18
    0.1523981112E-18
    0.1359896043E-18
    0.1213315700E-18
    0.1082390404E-18
    0.9654639872E-19
    0.8610537881E-19
    0.7678326289E-19
    0.6846126959E-19
    0.6103310495E-19
    0.5440366192E-19
    0.4848785562E-19
    0.4320957802E-19
    0.3850075973E-19
    0.3430052932E-19
    0.3055446045E-19
    0.2721389565E-19
    0.2423534101E-19
    0.2157992350E-19
    0.1921290520E-19
    0.1710324718E-19
    0.1522322004E-19
    0.1354805402E-19
    0.1205562647E-19
    0.1072618147E-19
    0.9542079052E-20
    0.8487571037E-20
    0.7548599730E-20
    0.6712618439E-20
    0.5968430442E-20
    0.5306045268E-20
    0.4716549759E-20
    0.4191993267E-20
    0.3725284448E-20
    0.3310099402E-20
    0.2940799315E-20
    0.2612356944E-20
    0.2320290982E-20
    0.2060607214E-20
    0.1829746102E-20
    0.1624535913E-20
    0.1442150898E-20
    0.1280073819E-20
    0.1136062622E-20
    0.1008120617E-20
    0.8944698757E-21
    0.7935274545E-21
    0.7038842334E-21
    0.6242859834E-21
    0.5536164918E-21
    0.4908825164E-21
    0.4352003606E-21
    0.3857838930E-21
    0.3419338650E-21
    0.3030284111E-21
    0.2685145443E-21
    0.2379005959E-21
    0.2107494875E-21
    0.1866727067E-21
    0.1653249675E-21
    0.1463994403E-21
    0.1296235045E-21
    0.1147549682E-21
    0.1015787006E-21
    0.8990363515E-22
    0.7956009935E-22
    0.7039744034E-22
    0.6228191216E-22
    0.5509479049E-22
    0.4873070553E-22
    0.4309614673E-22
    0.3810814339E-22
    0.3369308446E-22
    0.2978567197E-22
    0.2632799023E-22
    0.2326867832E-22
    0.2056219360E-22
    0.1816815883E-22
    0.1605078072E-22
    0.1417833375E-22
    0.1252270206E-22
    0.1105897140E-22
    0.9765068320E-23
    0.8621438245E-23
    0.7610760665E-23
    0.6717695885E-23
    0.5928660322E-23
    0.5231626986E-23
    0.4615948774E-23
    0.4072201023E-23
    0.3592042652E-23
    0.3168092318E-23
    0.2793818997E-23
    0.2463444714E-23
    0.2171858411E-23
    0.1914539636E-23
    0.1687490743E-23
    0.1487176941E-23
    0.1310473120E-23
    0.1154616722E-23
    0.1017166030E-23
    0.8959631545E-24
    0.7891013267E-24
    0.6948958905E-24
    0.6118586090E-24
    0.5386749773E-24
    0.4741840479E-24
    0.4173606640E-24
    0.3672996772E-24
    0.3232020159E-24
    0.2843623398E-24
    0.2501581318E-24
    0.2200400410E-24
    0.1935233539E-24
    0.1701804409E-24
    0.1496340820E-24
    0.1315515714E-24
    0.1156395041E-24
    0.1016391648E-24
    0.8932245732E-25
    0.7848830800E-25
    0.6895948731E-25
    0.6057980300E-25
    0.5321162105E-25
    0.4673367568E-25
    0.4103913864E-25
    0.3603391071E-25
    0.3163511719E-25
    0.2776977795E-25
    0.2437363484E-25
    0.2139011636E-25
    0.1876942526E-25
    0.1646773240E-25
    0.1444646693E-25
    0.1267169013E-25
    0.1111354231E-25
    0.9745756519E-26
    0.8545229317E-26
    0.7491642050E-26
    0.6567127888E-26
    0.5755977788E-26
    0.5044381733E-26
    0.4420200836E-26
    0.3872766450E-26
    0.3392703285E-26
    0.2971773754E-26
    0.2602740786E-26
    0.2279247195E-26
    0.1995709372E-26
