    -1162364.597    
    0.1866651023    
    0.1995095483    
    0.2129444713    
    0.2269718684    
    0.2415914300    
    0.2568003967    
    0.2725934234    
    0.2889624584    
    0.3058966161    
    0.3233820907    
    0.3414020580    
    0.3599366044    
    0.3789626782    
    0.3984540463    
    0.4183812865    
    0.4387117748    
    0.4594097294    
    0.4804362465    
    0.5017493822    
    0.5233042359    
    0.5450530727    
    0.5669454692    
    0.5889284811    
    0.6109468144    
    0.6329430666    
    0.6548579253    
    0.6766304438    
    0.6981983143    
    0.7194981332    
    0.7404657283    
    0.7610364674    
    0.7811455941    
    0.8007285534    
    0.8197213472    
    0.8380608818    
    0.8556853157    
    0.8725344089    
    0.8885498666    
    0.9036756777    
    0.9178584544    
    0.9310477202    
    0.9431962333    
    0.9542602774    
    0.9641998878    
    0.9729791325    
    0.9805663047    
    0.9869341357    
    0.9920599246    
    0.9959257045    
    0.9985183353    
    0.9998295703    
    0.9998561027    
    0.9985995834    
    0.9960665853    
    0.9922685682    
    0.9872217632    
    0.9809471039    
    0.9734700405    
    0.9648203959    
    0.9550321514    
    0.9441432464    
    0.9321953122    
    0.9192334259    
    0.9053058258    
    0.8904636147    
    0.8747604359    
    0.8582521878    
    0.8409966648    
    0.8230532365    
    0.8044825280    
    0.7853460644    
    0.7657059506    
    0.7456245469    
    0.7251641472    
    0.7043866634    
    0.6833533390    
    0.6621244739    
    0.6407591270    
    0.6193148869    
    0.5978476310    
    0.5764113180    
    0.5550577778    
    0.5338365492    
    0.5127947183    
    0.4919767959    
    0.4714246052    
    0.4511771779    
    0.4312707048    
    0.4117384762    
    0.3926108611    
    0.3739152960    
    0.3556762896    
    0.3379154556    
    0.3206515553    
    0.3039005555    
    0.2876757010    
    0.2719875979    
    0.2568443055    
    0.2422514549    
    0.2282123503    
    0.2147280988    
    0.2017977304    
    0.1894183411    
    0.1775852173    
    0.1662919795    
    0.1555307211    
    0.1452921435    
    0.1355656985    
    0.1263397229    
    0.1176015673    
    0.1093377303    
    0.1015339845    
    0.9417549229E-01
    0.8724692536E-01
    0.8073257255E-01
    0.7461644344E-01
    0.6888236541E-01
    0.6351407430E-01
    0.5849529993E-01
    0.5380984039E-01
    0.4944163526E-01
    0.4537482839E-01
    0.4159382560E-01
    0.3808334539E-01
    0.3482846381E-01
    0.3181465407E-01
    0.2902781812E-01
    0.2645431581E-01
    0.2408098646E-01
    0.2189516656E-01
    0.1988470363E-01
    0.1803796410E-01
    0.1634383934E-01
    0.1479174651E-01
    0.1337162777E-01
    0.1207394466E-01
    0.1088967213E-01
    0.9810288469E-02
    0.8827764552E-02
    0.7934550329E-02
    0.7123560995E-02
    0.6388160973E-02
    0.5722147626E-02
    0.5119733974E-02
    0.4575530884E-02
    0.4084528810E-02
    0.3642079651E-02
    0.3243878188E-02
    0.2885943864E-02
    0.2564602630E-02
    0.2276469143E-02
    0.2018429324E-02
    0.1787623422E-02
    0.1581429544E-02
    0.1397447811E-02
    0.1233485064E-02
    0.1087540279E-02
    0.9577905975E-03
    0.8425780955E-03
    0.7403971492E-03
    0.6498825806E-03
    0.5697984236E-03
    0.4990273861E-03
    0.4365609754E-03
    0.3814902404E-03
    0.3329971702E-03
    0.2903466686E-03
    0.2528790974E-03
    0.2200034042E-03
    0.1911907335E-03
    0.1659685692E-03
    0.1439153163E-03
    0.1246553528E-03
    0.1078544794E-03
    0.9321576492E-04
    0.8047575591E-04
    0.6940102081E-04
    0.5978501423E-04
    0.5144522623E-04
    0.4422060468E-04
    0.3796922228E-04
    0.3256617374E-04
    0.2790168037E-04
    0.2387938571E-04
    0.2041482610E-04
    0.1743405997E-04
    0.1487244178E-04
    0.1267352684E-04
    0.1078809430E-04
    0.9173278676E-05
    0.7791796806E-05
    0.6611262431E-05
    0.5603578847E-05
    0.4744401756E-05
    0.4012664722E-05
    0.3390160780E-05
    0.2861174125E-05
    0.2412156140E-05
    0.2031441118E-05
    0.1708997045E-05
    0.1436207519E-05
    0.1205681096E-05
    0.1011084914E-05
    0.8469997644E-06
    0.7087939223E-06
    0.5925135226E-06
    0.4947874648E-06
    0.4127449787E-06
    0.3439443250E-06
    0.2863111657E-06
    0.2380853979E-06
    0.1977753293E-06
    0.1641182596E-06
    0.1360465894E-06
    0.1126587502E-06
    0.9319428060E-07
    0.7701249406E-07
    0.6357425144E-07
    0.5242639566E-07
    0.4318848444E-07
    0.3554149394E-07
    0.2921821519E-07
    0.2399509715E-07
    0.1968532991E-07
    0.1613298668E-07
    0.1320806738E-07
    0.1080231229E-07
    0.8825669587E-08
    0.7203318417E-08
    0.5873163664E-08
    0.4783729974E-08
    0.3892394077E-08
    0.3163902324E-08
    0.2569129355E-08
    0.2084039939E-08
    0.1688821665E-08
    0.1367161277E-08
    0.1105641757E-08
    0.8932404078E-09
    0.7209116573E-09
    0.5812407001E-09
    0.4681561996E-09
    0.3766923900E-09
    0.3027922400E-09
    0.2431447902E-09
    0.1950509377E-09
    0.1563127762E-09
    0.1251424860E-09
    0.1000874114E-09
    0.7996851279E-10
    0.6382987177E-10
    0.5089730947E-10
    0.4054451213E-10
    0.3226533963E-10
    0.2565120740E-10
    0.2037263921E-10
    0.1616423634E-10
    0.1281244462E-10
    0.1014561137E-10
    0.8025911363E-11
    0.6342798325E-11
    0.5007700541E-11
    0.3949728100E-11
    0.3112203191E-11
    0.2449858936E-11
    0.1926580204E-11
    0.1513583846E-11
    0.1187954316E-11
    0.9314667357E-12
    0.7296419647E-12
    0.5709888012E-12
    0.4463969271E-12
    0.3486511536E-12
    0.2720431606E-12
    0.2120614817E-12
    0.1651442778E-12
    0.1284823615E-12
    0.9986245025E-13
    0.7754255896E-13
    0.6015306006E-13
    0.4661819852E-13
    0.3609390666E-13
    0.2791858592E-13
    0.2157419197E-13
    0.1665550220E-13
    0.1284586858E-13
    0.9898109125E-14
    0.7619465248E-14
    0.5859771982E-14
    0.4502164705E-14
    0.3455786835E-14
    0.2650073350E-14
    0.2030274151E-14
    0.1553952690E-14
    0.1188249613E-14
    0.9077469923E-15
    0.6928028462E-15
    0.5282538718E-15
    0.4024059123E-15
    0.3062493107E-15
    0.2328495776E-15
    0.1768747389E-15
    0.1342290934E-15
    0.1017696891E-15
    0.7708708780E-16
    0.5833600660E-16
    0.4410461829E-16
    0.3331380319E-16
    0.2513955540E-16
    0.1895329200E-16
    0.1427597737E-16
    0.1074290262E-16
    0.8076672410E-17
    0.6066508218E-17
    0.4552406703E-17
    0.3413026909E-17
    0.2556437689E-17
    0.1913057385E-17
    0.1430271618E-17
    0.1068334427E-17
    0.7972500533E-18
    0.5944029544E-18
    0.4427584720E-18
    0.3294979803E-18
    0.2449847418E-18
    0.1819810445E-18
    0.1350562093E-18
    0.1001393301E-18
    0.7418173162E-19
    0.5490246613E-19
    0.4059661042E-19
    0.2999101542E-19
    0.2213586381E-19
    0.1632323088E-19
    0.1202598206E-19
    0.8851975268E-20
    0.6509767477E-20
    0.4782960982E-20
    0.3511031345E-20
    0.2575013538E-20
    0.1886825318E-20
    0.1381311622E-20
    0.1010322131E-20
    0.7383065456E-21
    0.5390420545E-21
    0.3932041438E-21
    0.2865652012E-21
    0.2086599851E-21
    0.1517978672E-21
    0.1103324780E-21
    0.8012216805E-22
    0.5813183896E-22
    0.4213935591E-22
    0.3051930299E-22
    0.2208384205E-22
    0.1596571514E-22
    0.1153230875E-22
    0.8322593866E-23
    0.6000896227E-23
    0.4323036680E-23
    0.3111555311E-23
    0.2237599485E-23
    0.1607695538E-23
    0.1154096982E-23
    0.8277482259E-24
    0.5931603043E-24
    0.4246823152E-24
    0.3037910375E-24
    0.2171225023E-24
    0.1550437334E-24
    0.1106174165E-24
    0.7885207387E-25
    0.5615952882E-25
    0.3996270889E-25
    0.2841239981E-25
    0.2018286675E-25
    0.1432452180E-25
    0.1015781159E-25
    0.7196864425E-26
    0.5094599368E-26
    0.3603302293E-26
    0.2546335992E-26
    0.1797858332E-26
    0.1268295252E-26
    0.8939450263E-27
    0.6295456044E-27
    0.4429655121E-27
    0.3114148866E-27
    0.2187438988E-27
    0.1535182634E-27
    0.1076495120E-27
    0.7542101771E-28
    0.5279604770E-28
    0.3692661754E-28
    0.2580519385E-28
    0.1801791762E-28
    0.1256991470E-28
    0.8761747141E-29
    0.6102111543E-29
    0.4246205349E-29
    0.2952253601E-29
    0.2050871874E-29
    0.1423495130E-29
    0.9872028711E-30
    0.6840536918E-30
    0.4735956589E-30
    0.3276116653E-30
    0.2264360141E-30
    0.1563747175E-30
    0.1079003472E-30
    0.7439003959E-31
    0.5124396988E-31
    0.3527013755E-31
    0.2425539337E-31
    0.1666658625E-31
    0.1144254238E-31
    0.7849397448E-32
    0.5380075900E-32
    0.3684505026E-32
    0.2521209573E-32
    0.1723765400E-32
    0.1177571158E-32
    0.8037783877E-33
    0.5481835789E-33
    0.3735567844E-33
    0.2543481093E-33
    0.1730382223E-33
    0.1176244464E-33
    0.7989057154E-34
    0.5421709159E-34
    0.3676376917E-34
    0.2490848612E-34
    0.1686236519E-34
    0.1140601330E-34
    0.7708925368E-35
    0.5205935261E-35
    0.3512764245E-35
    0.2368344741E-35
    0.1595463528E-35
    0.1073928205E-35
    0.7222879696E-36
    0.4853920321E-36
    0.3259285414E-36
    0.2186754302E-36
    0.1465972408E-36
    0.9819744034E-37
    0.6572392089E-37
    0.4395376113E-37
    0.2937096795E-37
    0.1961058146E-37
    0.1308317157E-37
    0.8721401986E-38
    0.5809123857E-38
    0.3866218373E-38
    0.2571069958E-38
    0.1708415600E-38
    0.1134294000E-38
    0.7525070413E-39
    0.4988255322E-39
    0.3304002048E-39
    0.2186682941E-39
    0.1446057463E-39
    0.9555201734E-40
    0.6308833935E-40
    0.4162110415E-40
    0.2743681626E-40
    0.1807214904E-40
    0.1189439043E-40
    0.7822241795E-41
    0.5140167662E-41
    0.3375053618E-41
    0.2214327000E-41
    0.1451646472E-41
    0.9509076631E-42
    0.6224071060E-42
    0.4070706561E-42
    0.2660262222E-42
    0.1737156065E-42
    0.1133478541E-42
    0.7390063802E-43
    0.4814418340E-43
    0.3134011301E-43
    0.2038537586E-43
    0.1324947452E-43
    0.8604798173E-44
    0.5583996857E-44
    0.3620865707E-44
    0.2346079796E-44
    0.1518925905E-44
    0.9826394022E-45
    0.6352078728E-45
    0.4103004716E-45
    0.2648213137E-45
    0.1707925659E-45
    0.1100653024E-45
    0.7087575034E-46
    0.4560484746E-46
    0.2932180986E-46
    0.1883810880E-46
    0.1209346946E-46
    0.7757681392E-47
    0.4972567748E-47
    0.3184912802E-47
    0.2038368883E-47
    0.1303577139E-47
    0.8330282641E-48
    0.5319270895E-48
    0.3394018285E-48
    0.2163945228E-48
    0.1378633074E-48
    0.8776508705E-49
    0.5582977396E-49
    0.3548797821E-49
    0.2254074566E-49
    0.1430629745E-49
    0.9073158345E-50
    0.5749926920E-50
    0.3641154157E-50
    0.2304034798E-50
    0.1456842336E-50
    0.9204706265E-51
    0.5811409700E-51
    0.3666296235E-51
    0.2311257992E-51
    0.1455943183E-51
    0.9164649795E-52
    0.5764519071E-52
    0.3623150358E-52
    0.2275548120E-52
    0.1428112404E-52
    0.8956034680E-53
    0.5612372250E-53
    0.3514429277E-53
    0.2199080329E-53
    0.1375009304E-53
    0.8591099526E-54
    0.5363777325E-54
    0.3346354267E-54
    0.2086183919E-54
    0.1299610074E-54
    0.8090095692E-55
    0.5032394372E-55
    0.3128069568E-55
    0.1942939030E-55
    0.1205933256E-55
    0.7479438989E-56
    0.4635501442E-56
    0.2870824685E-56
    0.1776638939E-56
    0.1098688413E-56
    0.6789426254E-57
    0.4192519294E-57
    0.2587026237E-57
    0.1595183566E-57
    0.9828898932E-58
    0.6051788544E-58
    0.3723467690E-58
    0.2289268359E-58
    0.1406472978E-58
    0.8634793356E-59
    0.5297350048E-59
    0.3247520193E-59
    0.1989444426E-59
    0.1217864083E-59
    0.7449947091E-60
    0.4554022871E-60
    0.2781795329E-60
    0.1698022273E-60
    0.1035738522E-60
    0.6313144208E-61
    0.3845301652E-61
    0.2340477863E-61
    0.1423535724E-61
    0.8652113502E-62
    0.5254922840E-62
    0.3189341804E-62
    0.1934312619E-62
    0.1172312603E-62
    0.7099890697E-63
    0.4296864335E-63
    0.2598625273E-63
    0.1570464054E-63
    0.9484292997E-64
    0.5723673118E-64
    0.3451738432E-64
    0.2080148837E-64
    0.1252693159E-64
    0.7538571445E-65
    0.4533438620E-65
    0.2724338370E-65
    0.1636022466E-65
    0.9817765840E-66
    0.5887508541E-66
    0.3528143100E-66
    0.2112792635E-66
    0.1264340015E-66
    0.7560795670E-67
    0.4518226553E-67
    0.2698147475E-67
    0.1610129519E-67
    0.9601822529E-68
    0.5721956464E-68
    0.3407483151E-68
    0.2027782897E-68
    0.1205890980E-68
    0.7166279881E-69
    0.4255777291E-69
    0.2525594979E-69
    0.1497781560E-69
    0.8876331111E-70
    0.5256770619E-70
    0.3111038231E-70
    0.1839893722E-70
    0.1087380324E-70
    0.6422022457E-71
    0.3790216882E-71
    0.2235416593E-71
    0.1317514237E-71
    0.7759877691E-72
    0.4567277701E-72
    0.2686353871E-72
    0.1578965173E-72
    0.9274397074E-73
    0.5443809115E-73
    0.3193187622E-73
    0.1871761868E-73
    0.1096431844E-73
    0.6418267843E-74
    0.3754563483E-74
    0.2194859668E-74
    0.1282212554E-74
    0.7485477642E-75
    0.4367023262E-75
    0.2545999140E-75
    0.1483330841E-75
    0.8636247830E-76
    0.5024810936E-76
    0.2921609587E-76
    0.1697589677E-76
    0.9857155937E-77
    0.5719777681E-77
    0.3316771517E-77
    0.1922034175E-77
    0.1113053576E-77
    0.6441406447E-78
    0.3725248727E-78
    0.2152980253E-78
    0.1243469898E-78
    0.7176971552E-79
    0.4139597873E-79
    0.2386087294E-79
    0.1374440693E-79
    0.7911839004E-80
    0.4551356984E-80
    0.2616475299E-80
    0.1503158987E-80
    0.8629904542E-81
    0.4951310058E-81
    0.2838883466E-81
    0.1626629246E-81
    0.9314153978E-82
    0.5329817423E-82
    0.3047864051E-82
    0.1741780578E-82
    0.9947321289E-83
    0.5677196816E-83
    0.3238002008E-83
    0.1845592821E-83
    0.1051260961E-83
    0.5984133850E-84
    0.3404148011E-84
    0.1935228256E-84
    0.1099443293E-84
    0.6242098322E-85
    0.3541650917E-85
    0.2008161024E-85
    0.1137913368E-85
    0.6443739799E-86
    0.3646575240E-86
    0.2062295977E-86
    0.1165562836E-86
    0.6583237480E-87
    0.3715888989E-87
    0.2096068969E-87
    0.1181594018E-87
    0.6656579514E-88
    0.3747609522E-88
    0.2108522124E-88
    0.1185558134E-88
    0.6661755010E-89
    0.3740897576E-89
    0.2099348696E-89
    0.1177376032E-89
    0.6598844454E-90
    0.3696093358E-90
    0.2068904996E-90
    0.1157340074E-90
    0.6470003279E-91
    0.3614692187E-91
    0.2018188344E-91
    0.1126097162E-91
    0.6279341030E-92
    0.3499262737E-92
    0.1948783341E-92
    0.1084614288E-92
    0.6032705032E-93
    0.3353313065E-93
    0.1862780108E-93
    0.1034129211E-93
    0.5737384785E-94
    0.3181114863E-94
    0.1762670595E-94
    0.9760895183E-95
    0.5401757082E-95
    0.2987497864E-95
    0.1651229900E-95
    0.9120845731E-96
    0.5034896422E-96
    0.2777627918E-96
    0.1531390436E-96
    0.8437744341E-97
    0.4646175383E-97
    0.2556783032E-97
    0.1406116896E-97
    0.7728202381E-98
    0.4244878737E-98
    0.2330140268E-98
    0.1278289001E-98
    0.7008199882E-99
    0.3839852862E-99
    0.2102585156E-99
    0.1150598341E-99
    0.6292529524-100
    0.3439207527-100
    0.1878552488-100
    0.1025463839-100
    0.5594350340-101
    0.3050081837-101
    0.1661904551-101
    0.9049688791-102
    0.4924866063-102
    0.2678481453-102
    0.1455849665-102
    0.7908212202-103
    0.4293131799-103
    0.2329187659-103
    0.1262901032-103
    0.6843353290-104
    0.3705984810-104
    0.2005735074-104
    0.1084873209-104
    0.5864353077-105
    0.3168087507-105
    0.1710450021-105
    0.9229113633-106
    0.4976754316-106
    0.2682064671-106
    0.1444539244-106
    0.7775471293-107
    0.4182747072-107
    0.2248713925-107
    0.1208216495-107
    0.6487740675-108
    0.3481613811-108
    0.1867266568-108
    0.1000854352-108
    0.5361354154-109
    0.2870234531-109
    0.1535676617-109
    0.8211488183-110
    0.4388174691-110
    0.2343614089-110
    0.1250917487-110
    0.6672857035-111
    0.3557425301-111
    0.1895399605-111
    0.1009269222-111
    0.5370994866-112
    0.2856565111-112
    0.1518362312-112
    0.8065825505-113
    0.4282176450-113
    0.2272075939-113
    0.1204824781-113
    0.6385103171-114
    0.3381856230-114
    0.1790134953-114
    0.9470219062-115
    0.5007006112-115
    0.2645697977-115
    0.1397161718-115
    0.7373905525-116
    0.3889494429-116
    0.2050376636-116
    0.1080237507-116
    0.5687876893-117
    0.2993137509-117
    0.1574160128-117
    0.8274030287-118
    0.4346417920-118
    0.2281877093-118
    0.1197290714-118
    0.6278469433-119
    0.3290447564-119
    0.1723468675-119
    0.9021925824-120
    0.4720008210-120
    0.2467937240-120
    0.1289654969-120
    0.6735366499-121
    0.3515583425-121
    0.1833927973-121
    0.9561280009-122
    0.4981944681-122
    0.2594364988-122
    0.1350245587-122
    0.7023347896-123
    0.3651115122-123
    0.1896954890-123
    0.9850058799-124
    0.5111768601-124
    0.2651272114-124
    0.1374321605-124
    0.7119895286-125
    0.3686465727-125
    0.1907648541-125
    0.9865936106-126
    0.5099530667-126
    0.2634354986-126
    0.1360099760-126
    0.7018104299-127
    0.3619275600-127
    0.1865419362-127
    0.9609139441-128
    0.4947045475-128
    0.2545428485-128
    0.1308969991-128
    0.6727480910-129
    0.3455647645-129
    0.1774029450-129
    0.9102208773-130
    0.4667534674-130
    0.2392121900-130
    0.1225276917-130
    0.6272498814-131
    0.3209242352-131
    0.1641044009-131
    0.8386754442-132
    0.4283746984-132
    0.2186805074-132
    0.1115714084-132
    0.5689217444-133
    0.2899406600-133
    0.1476804062-133
    0.7517855973-134
    0.3824922881-134
    0.1944953051-134
    0.9884472897-135
    0.5020604948-135
    0.2548689501-135
    0.1293112614-135
    0.6557140552-136
    0.3323162389-136
    0.1683246634-136
    0.8521249014-137
    0.4311399486-137
    0.2180183127-137
    0.1101862939-137
    0.5565731588-138
    0.2809811725-138
    0.1417727126-138
    0.7149385938-139
    0.3603343664-139
    0.1815113027-139
    0.9138247110-140
    0.4598154355-140
    0.2312415184-140
    0.1162277643-140
    0.5838697239-141
    0.2931461619-141
    0.1471007359-141
    0.7377480071-142
    0.3697975252-142
    0.1852605302-142
    0.9276089601-143
    0.4642055030-143
    0.2321769749-143
    0.1160624432-143
    0.5798666791-144
    0.2895534018-144
    0.1445085187-144
    0.7208131064-145
    0.3593490739-145
    0.1790503639-145
    0.8916591937-146
    0.4438004790-146
    0.2207709976-146
    0.1097644832-146
    0.5454405260-147
    0.2708936989-147
    0.1344672489-147
    0.6671145925-148
    0.3307888402-148
    0.1639335822-148
    0.8119922137-149
    0.4019785135-149
    0.1988937044-149
    0.9835730899-150
    0.4861382893-150
    0.2401490044-150
    0.1185686037-150
    0.5850954975-151
    0.2885706278-151
    0.1422479424-151
    0.7008233190-152
    0.3450960243-152
    0.1698401681-152
    0.8354300437-153
    0.4107231423-153
    0.2018170457-153
    0.9911429113-154
    0.4865020323-154
    0.2386729301-154
    0.1170285905-154
    0.5735235623-155
    0.2809190701-155
    0.1375251157-155
    0.6729051240-156
    0.3290764855-156
    0.1608463614-156
    0.7857731557-157
    0.3836673694-157
    0.1872338861-157
    0.9132425206-158
    0.4452050277-158
    0.2169234163-158
    0.1056392789-158
    0.5141824094-159
    0.2501393231-159
    0.1216241643-159
    0.5910593470-160
    0.2870885060-160
    0.1393715701-160
    0.6762486718-161
    0.3279538079-161
    0.1589619299-161
    0.7701014599-162
    0.3728870549-162
    0.1804601801-162
    0.8728916925-163
    0.4220018882-163
    0.2039124149-163
    0.9848007084-164
    0.4753665508-164
    0.2293425535-164
    0.1105901882-164
    0.5329968581-165
    0.2567491278-165
    0.1236145936-165
    0.5948495412-166
    0.2861022699-166
    0.1375347480-166
    0.6608162218-167
    0.3173410505-167
    0.1523173181-167
    0.7307182518-168
    0.3503712283-168
    0.1679132214-168
    0.8043026600-169
    0.3850635689-169
    0.1842569378-169
    0.8812394318-170
    0.4212528188-170
    0.2012661382-170
    0.9611203447-171
    0.4587374103-171
    0.2188416812-171
    0.1043459494-171
    0.4972799856-172
    0.2368679860-172
    0.1127695696-172
    0.5366088245-173
    0.2552138284-173
    0.1213196819-173
    0.5764201532-174
    0.2737335633-174
    0.1299266114-174
    0.6163813706-175
    0.2922687571-175
    0.1385150442-175
    0.6561351795-176
    0.3106502425-176
    0.1470050401-176
    0.6953045524-177
    0.3287005345-177
    0.1553132100-177
    0.7334984393-178
    0.3462365963-178
    0.1633540427-178
    0.7703181079-179
    0.3630728645-179
