-5.554693308
-2.852645814
-2.432096564
-3.947659469
-3.340850400
-5.756573888
-5.004586254
-4.209099767
-5.512066672
-5.308440117
-3.941388317
-4.278012778
-4.266809445
-2.135408351
-4.056924938
-2.489713531
-2.832900390
-3.419627153
-3.130914068
-5.323012341
-3.047779870
-3.726426790
-1.715160118
-4.345227754
-3.168960042
-4.188999920
-3.886073294
-4.116879658
-2.991215239
-5.062648401
-3.151981650
-4.399060607
-3.335340872
-4.962918848
-2.699571816
-4.862932248
-2.990306855
-3.196717803
-3.505825960
-4.660784403
-3.443098213
-4.807355085
-4.998580536
-2.608542660
-3.942880081
-5.443627206
-2.437831641
-4.217477466
-5.254931845
-3.474121183
-3.659433152
-1.801936809
-2.990119930
-3.411616633
-3.406908118
-2.378683082
-3.944642717
-4.007784145
-3.318922549
-2.493288985
-4.750364028
-3.737763944
-4.109510846
-5.610061380
-6.623847739
-2.781444212
-4.400007345
-8.118852025
-3.322406774
-3.425879321
-4.214596017
-3.964341782
-3.994288261
-6.776617761
-3.918023259
-5.398271985
-2.633392482
-4.676690822
-6.184971428
-5.142800362
-3.947870136
-1.871222643
-4.978198125
-4.697880207
-3.242374056
-3.907954633
-3.712368408
-3.053921641
-4.835829775
-5.499247916
-3.968574287
-3.858657324
-2.606424483
-3.382921577
-5.608472943
-3.569261626
-5.093378599
-3.294741295
-5.147318994
-3.764675974
-3.965420054
-2.537556316
-3.988403203
-3.077106976
-3.635971664
-3.150920647
-4.242645409
-4.860006766
-3.514474108
-3.018545999
-2.495668006
-4.140624019
-5.375488994
-3.452169307
-3.319628991
-5.794041702
-5.013700202
-3.146090016
-2.661528491
-4.277847888
-4.978312417
-4.566479671
-6.311983505
-4.237572697
-5.018096623
-3.359717418
-3.134669334
-2.843353124
-4.022890879
-3.866363659
-4.013129976
-3.982366325
-1.774605235
-4.324593282
-3.558962965
-4.795202073
-3.245164899
-3.462057148
-4.788456472
-2.827772729
-6.053256727
-4.564828661
-3.393017524
-4.847524996
-1.680365704
-3.917382388
-0.5489490521
-2.530293666
-2.775600507
-2.727007017
-4.771920421
-5.668012375
-3.210473553
-4.683667140
-3.789351079
-4.839054910
-2.303556649
-4.282930354
-3.679936112
-3.992938770
-4.135032997
-2.245235125
-3.702216275
-5.022991334
-3.576082602
-4.231714663
-3.340693254
-5.857759018
-3.703136104
-4.640728736
-3.019121326
-4.328839167
-3.799662639
-5.364649679
-4.038955408
-6.201333569
-3.912146990
-3.542821529
-1.568501606
-3.846546263
-4.491883444
-6.071620496
-3.676835099
-3.192460490
-2.256422173
-5.684336951
-4.797473256
-3.896431398
-4.126516708
-3.258266782
-2.758446154
-3.290351529
-2.596507072
-4.092378818
-3.937195782
-4.084795542
-3.090887734
-1.927292550
-3.992358401
-2.804055845
-2.543250186
-3.864886477
-1.339792429
-4.357144141
-3.935621150
-3.078833313
-4.139478354
-3.389988111
-3.714373384
-2.056042742
-2.720065296
-5.228796260
-4.015051571
-3.670668716
-2.731957466
-2.115190961
-2.886583654
-5.047739446
-1.615578807
-3.600820797
-3.563080458
-4.121832777
-3.809259274
-2.760687535
-3.979557632
-4.863020986
-4.492476323
-3.485366929
-2.416696856
-3.026714564
-3.519183716
-5.031059436
-3.651425358
-4.868344222
-4.256525793
-4.310718253
-4.978208249
-5.073255309
-2.559253692
-3.684061296
-1.545620049
-6.693357843
-3.021854881
-4.153884795
-4.209377895
-5.567606175
-4.003273552
-3.382629984
-3.872008345
-4.782353653
-3.411915084
-2.324842471
-4.181584473
-4.781930809
-3.410066001
-4.882060261
-3.469790862
-5.033919824
-4.692455726
-1.036331874
-4.750846244
-4.548804679
-3.773807793
-4.366057352
-1.357378477
-3.956724286
-3.140271130
-3.503913768
-4.928977205
-3.100463849
-5.601618160
-3.967751908
-5.025997167
-3.138136035
-3.433035782
-3.079681189
-3.963845430
-3.387869350
-1.984231697
-2.837428120
-3.960805670
-2.895901510
-1.772378130
-3.457398753
-3.791049135
-2.900227729
-1.897776678
-2.054239997
-5.265699398
-2.182653257
-3.685712417
-3.999781580
-2.550828158
-4.242505838
-5.952304414
-3.550264828
-4.697146902
-4.234139877
-4.580716339
-2.813248579
-3.016076590
-5.442473893
-4.107758880
-2.131802285
-4.293044391
-3.632005042
-3.967164811
-4.252432935
-6.219024084
-4.977634586
-3.564740231
-3.577266029
-3.741835478
-2.527836808
-3.770147411
-4.196330279
-5.554641082
-2.598476397
-3.910919044
-3.175477657
-4.493734937
-3.248951482
-3.370728070
-5.041265990
-4.370442592
-6.241155626
-3.670107433
-3.867131119
-2.280408846
-3.881200587
-3.463435158
-2.925841799
-3.050836192
-2.988628848
-2.599215809
-1.883184395
-2.973966396
-2.698884690
-3.032474603
-6.383162715
-1.968956917
-4.156179821
-2.933422765
-3.902352055
-3.289301398
-2.547574112
-2.137910246
-3.458071725
-3.896713186
-4.572396887
-3.163481604
-4.593065426
-3.329992532
-5.721976440
-3.651681114
-1.820067741
-4.169472444
-4.981442601
-3.222477578
-3.372414789
-3.316441368
-5.646821086
-4.321674194
-2.661047142
-4.541666956
-4.256597350
-2.510483803
-4.948608530
-2.175951548
-2.967261559
-3.115946466
-3.655168067
-4.547307314
-3.276872008
-6.707750966
-4.011249513
-3.297674941
-4.086281427
-2.824139315
-3.548601184
-3.025609041
-3.580025214
-5.066753626
-5.710723660
-4.230535343
-3.782306537
-2.878095453
-3.853608368
-5.567491482
-6.055137492
-5.410903242
-3.402529957
-5.550319443
-3.086942146
-2.298543491
-2.831103608
-4.492847304
-4.134677311
-5.135644993
-3.542669955
-3.096745367
-3.244874372
-5.055240437
-4.352401408
-3.599531656
-3.558611175
-3.076266388
-3.438573344
-3.849814331
-5.678135490
-3.154685422
-2.855173798
-2.726870835
-3.308563032
-4.468634935
-3.339015969
-5.554280061
-3.634844419
-4.007976759
-3.116414617
-3.013534032
-2.914633947
-4.343026104
-4.076472312
-2.433913665
-4.315513879
-3.174190031
-2.951258542
-5.099632921
-3.989060026
-3.756628187
-4.389273895
-3.943644337
-3.736665688
-4.110597909
-3.926468299
-4.544286257
-2.716250012
-4.662576884
-3.521338985
-3.033028834
-4.753557284
-2.864669448
-2.697966155
-2.626562849
-4.693391177
-2.538712152
-2.887540224
-4.721750840
-4.740103960
-0.9858268746
-3.808165568
-2.460450731
-2.732778669
-4.475061555
-3.483457844
-1.879143136
-4.707680366
-4.899211386
-3.139000919
-2.856550516
-3.525607667
-3.967453582
-3.108500171
-6.280613464
-4.502630696
-2.850556222
-1.385968957
-1.797034043
-4.599281473
-3.101666880
-3.378755461
-5.931517948
-4.170423856
-3.168617382
-4.088943438
-3.478487246
-3.808060991
-3.766669692
-4.571457974
-6.038930816
-2.094235804
-6.145747345
-2.345310081
-3.579389936
-1.414519665
-2.939928415
-3.222242184
-3.047062948
-3.385852778
-4.403705603
-3.711673438
-4.685428079
-3.801229375
-4.158118912
-4.313262892
-4.621587131
-3.457181061
-2.840845219
-5.181030663
-4.124021072
-1.689886293
-4.736305789
-4.018574201
-5.400079573
-4.336283056
-5.539338784
-3.478557461
-3.352145491
-3.533767018
-3.368862673
-2.666265960
-2.375159670
-1.578182632
-4.877965013
-2.533362113
-2.280207563
-3.749092387
-4.994447126
-2.153276241
-4.417875351
-4.006938592
-4.622019562
-3.350385414
-6.233990471
-4.648902017
-4.481815970
-3.688014695
-3.733607062
-3.960937711
-4.566912151
-5.673644939
-2.518917832
-5.097589664
-5.647536472
-3.886573296
-3.432361992
-5.404277341
-2.550668253
-3.744145774
-2.543887453
-3.160920742
-3.501618119
-3.089526345
-2.147755481
-4.317695622
-1.933600489
-5.719130046
-4.028775003
-2.592416486
-3.088440358
-4.397405630
-2.682370547
-1.389236152
-4.627284359
-4.024863242
-3.508549748
-3.447047894
-3.547282390
-3.785721274
-4.205531582
-5.103737899
-5.210871565
-3.099204958
-3.442669410
-2.161723863
-3.010004207
-0.9115082770
-3.672785486
-3.566706271
-2.592800306
-3.581780721
-3.594127371
-4.216379059
-3.260882380
-4.309124933
-4.037599405
-4.112325350
-3.667617134
-3.391990434
-3.397348976
-2.481240449
-2.667264804
-3.448700073
-3.068469718
-4.912957474
-3.889750527
-3.741589624
-3.672713136
-4.275550795
-1.664513433
-4.479828441
-5.243846380
-1.685776611
-2.715390418
-4.813175840
-4.705202788
-4.927087954
-3.314526880
-5.429561695
-3.775682421
-1.996911074
-5.961853356
-2.573574210
-3.136699762
-4.508844934
-4.885443101
-2.112892449
-5.148644100
-4.888179957
-3.927108658
-3.808889380
-4.204535220
-4.803888313
-4.002469858
-4.497972726
-3.571901550
-2.740627737
-3.094662121
-4.048240513
-5.004109152
-3.148667142
-2.832321110
-5.187206365
-3.713627726
-2.092980492
-3.354538400
-2.158131562
-1.106386056
-5.901400194
-3.895942651
-7.794950403
-4.574928450
-2.704096998
-3.001204551
-3.148339453
-5.527108905
-4.690215508
-3.827601147
-3.125284622
-1.458925641
-3.991114948
-4.628693374
-3.319047895
-2.719537171
-1.625929100
-3.743088831
-3.986313595
-3.576092846
-5.505106984
-4.301289555
-2.133983389
-2.848162579
-3.058089124
-3.982441948
-3.937491240
-2.511197089
-3.900325516
-2.419229525
-4.756046342
-3.865075503
-4.640969140
-2.557850760
-3.456561286
-3.976210126
-2.091490869
-3.566752580
-4.785859086
-3.797101200
-3.696481901
-4.590480476
-3.626582571
-5.941310226
-4.618321141
-5.194450536
-3.725060324
-3.312774315
-2.917394193
-3.817389182
-3.851867360
-5.204851722
-3.728634522
-2.959223122
-4.166815423
-4.751093752
-2.867710457
-5.430786117
-4.297561832
-5.415646258
-3.722055926
-4.471314975
-3.149315742
-3.901541100
-3.641798830
-4.247682191
-1.561233674
-4.536470031
-3.180374783
-5.592179764
-3.893831229
-5.080943413
-2.791780477
-4.474096697
-4.343211416
-1.599262229
-2.957434871
-4.329165789
-4.724707985
-3.958931007
-4.074309958
-2.354434975
-4.617537018
-1.779813721
-4.195825369
-6.203270468
-3.583779809
-4.848735671
-5.541942690
-6.208712816
-3.247946859
-5.433313775
-4.951126307
-5.764687105
-2.145768676
-6.694479160
-2.798817846
-3.626649245
-4.512418469
-3.689661519
-4.459673264
-4.008256036
-5.988677281
-4.784891981
-3.658630770
-4.834479295
-3.800387281
-3.456336320
-6.775306907
-3.221773660
-4.556873036
-5.514543961
-1.153090056
-2.684649330
-3.189410055
-4.822082466
-3.651326431
-5.861783153
-2.910746310
-3.268477860
-4.054265277
-6.072935131
-5.939021615
-4.488307867
-4.503978277
-2.883722455
-3.918308250
-2.845937508
-3.021297843
-3.236546419
-2.056240610
-6.407038737
-4.269138921
-3.915836973
-5.367063564
-6.367635744
-3.252541200
-5.854574542
-3.616850059
-3.804910629
-4.531903515
-3.546066875
-3.285669183
-4.323280855
-4.393284964
-1.826902304
-3.210156632
-4.794939820
-3.586615839
-1.958591021
-3.277041704
-2.470613597
-3.873144442
-2.393233695
-4.363049807
-2.832483989
-3.845530554
-3.349152884
-4.063663137
-4.070803422
-3.046421905
-2.565067169
-4.716433102
-4.633429972
-4.793489618
-3.531385611
-5.058815790
-3.589044155
-2.662690845
-4.436061196
-3.624886563
-5.848220675
-4.324459894
-3.059251473
-2.734127342
-2.592769320
-2.184153713
-3.511854863
-3.102383416
-3.039809509
-3.671965167
-4.341537099
-1.329886351
-3.039955517
-2.898517212
-4.739638802
-4.853357289
-4.198607469
-3.128968021
-3.728283234
-3.908487172
-3.003065105
-4.463284347
-3.322802004
-3.089011686
-4.400087964
-4.199894352
-2.960558880
-2.941183563
-5.190109062
-3.558859223
-3.709561255
-1.528742859
-4.322225487
-3.898380059
-3.028605651
-3.766700228
-4.510732910
-1.951047359
-4.512319219
-4.836219915
-1.664665686
-3.370335964
-2.792502084
-4.228716918
-5.309096762
-5.826569165
-5.478287087
-4.475524817
-2.527165014
-4.073718303
-5.068070534
-3.376365909
-2.589350976
-4.461239707
-4.566606801
-3.552279343
-3.110475340
-5.712517143
-4.618488094
-3.888949076
-4.206274180
-2.202859717
-3.981834083
-3.678635244
-4.824251472
-4.724643372
-3.467432480
-3.172874507
-5.109577880
-2.181952698
-2.408525251
-1.485806940
-3.271349396
-3.412085204
-3.882301798
-3.882012208
-3.365840306
-5.526739736
-3.669925004
-1.651016697
-5.087767968
-4.799038258
-4.198116831
-4.411071992
-3.729272907
-2.683250956
-4.250062310
-4.753205220
-4.283250523
-2.954190746
-3.941741666
-3.288484432
-4.290522061
-4.668778244
-6.245962153
-2.951501183
-3.203587866
-3.548543374
-5.814452966
-3.964295026
-3.398899319
-3.237472724
-3.707833861
-4.944006345
-3.052953722
-2.533581306
-4.981187424
-3.242772646
-3.673551542
-1.654895767
-0.8309675608
-5.005331949
-2.674406359
-2.758539955
-5.228902460
-3.211045481
-3.346979057
-2.659107754
-6.050358842
-7.222870603
-4.111572151
-3.281977046
-5.193757015
-2.869420645
-4.297994756
-2.940814535
-4.555622501
-3.360557741
-4.498143401
-3.031054710
-3.533627851
-2.832564559
-4.165757123
-6.108302901
-4.066298150
-3.303495537
-2.310931940
-1.273323691
-3.941821972
-4.653147364
-3.426248791
-4.109546736
-4.430588692
-3.709944698
-2.925670494
-4.955710132
-3.774498146
-2.795734875
-4.552739087
-2.905208268
-2.725804953
-4.381923143
-4.683849040
-3.611168121
-3.503704791
-4.605507812
-4.277330351
-4.105665195
-4.507899175
-3.342773695
-3.072477028
-2.258476272
-3.040559612
-4.185488350
-4.361810944
-3.554589417
-3.003037561
-2.479049879
-3.506456841
-5.357851037
-3.063254546
-4.329080807
-2.381163266
-5.081068349
-2.583045742
-2.918077538
-3.615912862
-2.775473806
-3.546391236
-4.532665021
-3.754298417
-4.282132560
-3.624011259
-2.771701832
-3.721198701
-3.108540505
-2.110328076
-3.404596085
-1.713835776
-4.577642130
-3.650835251
-3.645284229
-3.275282171
-4.019521565
-3.254331018
-4.594267019
-4.724164891
-2.611497648
-3.201905434
-5.719837024
-2.882654903
-3.515144141
-3.585345667
-4.338659736
-3.911050257
-4.307180977
-3.776535771
-2.411364292
-2.587637812
-2.814076114
-4.036905397
-4.263237322
-3.517632691
-5.593240501
-1.838162896
-2.948326159
-3.947419718
-3.360947379
-4.922268413
-5.569068919
-2.627947419
-4.393598558
-3.867580626
-3.370919224
-4.865390230
-3.511399173
-4.268694629
-2.385656452
-1.507054239
-5.651589636
-3.174247784
-2.429691371
-3.787134281
-5.814112871
-6.063063884
-1.961679558
-2.504342150
-2.947992659
-5.353952425
-2.196380420
-4.328949781
-2.923520925
-3.987550602
-3.833672996
-3.929433530
-3.830291110
-3.880196427
-5.000771327
-4.262083887
-5.057096738
-3.376720963
-4.258615989
-2.100060566
-4.276685101
-3.919375587
-5.084343229
-3.938162101
-6.405033356
-3.932864107
-4.389520135
-3.975522064
-3.671452478
-2.269625567
-2.851605738
-5.265989366
-5.182146637
-4.729058036
-3.849870226
-2.485327697
-2.376550586
-4.469666547
-2.974089713
-5.516753280
-4.463637620
-1.173850705
-2.678079403
-4.396289841
-3.276245935
-4.456922535
-2.421837365
-3.782123134
-3.699142119
-6.737616230
-2.650804606
-3.518633203
-4.167184468
-5.033440946
-5.028655591
-2.512870423
-2.369634306
-5.691479004
-4.713258557
-5.565396264
-4.350443557
-3.543180143
-1.849136994
-4.188787739
-4.150816049
-1.624059209
-3.497707869
-4.520082406
-3.034035641
-4.770025972
-4.256226587
-3.854860730
-1.810163379
-3.139150462
-3.658713991
-4.914602293
-4.448918614
-3.294648207
-2.318621120
-2.544268293
-4.341990485
-3.763993904
-4.466044733
-4.217941547
-2.611037420
-3.826726936
-4.316263383
-3.276559127
-2.534086456
-3.418185130
-4.176444661
-3.311390356
-3.988472675
-2.652204141
-5.058316015
-4.849414271
-4.889970716
-3.962753143
-3.378148667
-4.177210192
-2.706418757
-2.656695493
-4.733022507
-3.758535226
-3.838991843
-3.885948723
-3.405971206
-4.274596810
-2.751581949
-4.868256221
-4.068282825
-4.722060397
-1.954727189
-3.395293472
-4.001368031
-4.904236920
-2.311842609
-4.386087185
-3.664219970
-4.141002189
-2.461724358
-1.845493205
-2.149918828
-3.657973525
-4.098891420
-6.619975541
-5.744345957
-4.740105267
-3.822436773
-2.610532979
-2.914155341
-3.021504219
-3.295698378
-2.900692128
-1.259277635
-3.165267061
-3.375124052
-3.732055836
-3.225022237
-4.097794857
-3.268070571
-3.284170451
-4.260974840
-4.513572066
-4.570004735
-3.654367679
-4.548610388
-4.016664873
-1.348397296
-3.388949570
-5.011990377
-5.462715289
-3.692463647
-3.065295445
-1.686686733
-3.734890473
-5.515653582
-3.481230012
-3.524738147
-3.790795660
-5.019815370
-4.368012383
-4.467857838
-3.987811922
-1.881127976
-3.961679124
-2.740003708
-4.153244178
-3.110952168
-5.310838270
-5.823090579
-3.778141596
-5.267176618
-4.617363041
-5.256775572
-2.097359455
-3.450041518
-2.873395647
-5.329016911
-3.243254238
-4.193350768
-3.577602749
-4.152333066
-4.816789395
-3.010386863
-4.065419175
-5.591524196
-3.167850808
-2.500715008
-5.688523699
-4.236542719
-2.951688632
-3.713013474
-4.634113781
-2.838867665
-3.026036358
-2.008430429
-3.487136146
-2.772267696
-3.212172766
-3.366994037
-4.107558936
-4.296508207
-4.716037021
-2.073026545
-2.536869018
-4.247965561
-2.012807521
-2.629675704
-5.124690056
-2.431616985
-4.030832575
-5.337864742
-3.537786067
-4.550131388
-3.419821050
-4.692897366
-3.291922665
-5.023917182
-2.964620708
-3.447005136
-2.597811701
-4.294842595
-3.730207267
-2.977181695
-3.141436348
-4.653216522
-4.977691734
-3.103416415
-3.926916424
-4.386221279
-4.377570315
-3.941143031
-3.782901825
-4.502473081
-2.445355182
-2.243313363
-7.137189391
-1.229547253
-5.313445937
-3.795611566
-5.760208915
-2.768579860
-3.522107621
-2.252362592
-5.475417850
-3.645916701
-4.682523845
-3.269932374
-5.431875339
-4.009758783
-4.336728377
-3.104329205
-3.114140042
-3.382490257
-4.038980757
-3.573192988
-1.827907135
-2.087931694
-4.191542546
-2.312379985
-4.515803138
-0.7355458686
-3.048765506
-2.859862643
-4.604031749
-2.110863591
-3.368598675
-4.133064871
-1.901116236
-5.540179482
-3.588865603
-4.838124153
-4.607202136
-3.078885454
-2.251418724
-3.237054452
-1.974544474
-4.300546504
-3.933929046
-2.807967551
-5.070207601
-2.497733433
-3.421625655
-4.782634447
-4.452894314
-4.887143710
-5.618907880
-4.105545091
-3.343550437
-4.947365091
-4.591549525
-3.558039179
-3.915684358
-3.997121641
-5.155681576
-4.668832915
-3.468879424
-4.078112975
-4.346126178
-4.187480941
-3.395084990
-4.406273265
-3.135882681
-4.756477383
-4.028724020
-3.178555696
-3.492843050
-3.087844933
-2.155042805
