    -2.232422883       -0.8915687721E-01   -0.8892487601E-08
    -1.322669920       -0.4237191849        0.3647279553E-06
    -3.344281205       -0.1192621733        0.7791377235E-06
    0.1566511739       -0.3720814721        0.3270889773E-06
    -1.127141096        0.4948274978        0.1750591272E-04
   -0.5482159743        0.5837936907        0.2866794715E-06
    -2.089058260        -2.164487862        0.6748827680E-04
   -0.2663837627        -1.143572421        0.6212288364E-05
    -1.433362406       -0.7536140064        0.3907456062E-04
    -2.901124414        -1.727507448        0.4063611557E-04
    -1.889699700       -0.2719497736        0.7538705304E-05
    -2.399538077       -0.4183396986        0.2698304785E-06
   -0.7651690054       -0.2419554810E-01    0.1317399021E-06
    -1.968493131        -1.659774446        0.6855545784E-05
    -2.622181231         1.714791440        0.6657530722E-04
    -1.090977900        0.5868232513        0.6121393959E-05
    -2.781862556       -0.2121387720        0.3966916940E-04
    -2.065284403       -0.1710180050        0.7158657303E-05
    -2.203541333         1.074859438        0.2731198676E-06
    0.6586319584        0.2098701424        0.1332688520E-06
    -3.050615702        0.3423099320        0.5908009517E-05
    -1.710935349        0.5589630728        0.3087855811E-06
    -2.219122341        -3.690720295        0.6331940949E-04
   -0.5213067240        0.6550419304        0.6151505511E-05
    -3.595179797       -0.1530000844        0.3695673540E-04
    -1.475387630        0.4923953523        0.8003096384E-05
   -0.4748305267        0.9003655531E-01    0.2904072570E-06
    -2.541368298       -0.2139647383        0.1561274438E-04
   -0.7327187487        0.6359256386        0.3219925737E-06
   -0.7578315819         1.386917609        0.1799480113E-04
   -0.9024686375         2.380701228        0.1890042454E-07
    -2.237121480       -0.5601741895        0.1515987211E-04
    -2.109915288        0.5535333584        0.2782247843E-06
    -1.838863843         1.446377210        0.1115887995E-06
    0.2742753474       -0.6363541371        0.4672886671E-07
    -3.426097463        -1.021597763        0.2450740924E-05
    -1.416142169        -1.168980279        0.3194336304E-06
    -2.985857511         1.367398951        0.7074532839E-04
    -1.248252149        0.4268497429        0.6200709454E-05
    -3.177665529        0.3189550058        0.2778866729E-06
    -1.625899480        0.9981247800        0.1309742230E-06
   -0.5986638919       -0.1209459576        0.2671584541E-07
    -1.282598308       -0.4702421430        0.1794636809E-06
    -2.617733327        -1.209997104        0.1113423586E-04
    -1.384990827         1.260382718        0.4474226493E-04
   -0.3356629992        0.6530970808E-01    0.7571061928E-05
    -1.845182209        0.1476623147        0.4234820418E-04
    -1.046994999       -0.4217930528        0.7242505524E-05
    -1.610749933       -0.5550538934        0.4343820548E-04
    -1.765723563         1.903136670        0.4315311399E-04
    -1.506363219        -1.197519497        0.6835544464E-04
    -1.486712099        -1.632902301        0.1082964236E-04
    -2.310588374        0.7266804615        0.4117661135E-04
    -3.394920654       -0.4630297350        0.4286621044E-04
   -0.1884020435        0.2527262649E-01    0.8803841322E-05
   -0.9110065129       -0.2889272491        0.4265394093E-04
    0.3607376895        0.3018391754        0.7673230111E-05
   -0.7948265477         1.745659069        0.6070151806E-04
    -1.252027910        0.8764910154        0.6735477499E-04
    -3.097630860        0.6873970639        0.6174734589E-04
    -1.503053385        -1.171870383        0.6145873258E-05
    -1.769970675        0.4411809015        0.4396889772E-04
    -2.184815882        0.7058201541        0.6830734364E-05
    -1.613229567         1.197332785        0.2830189355E-06
    -4.751809961        -2.188785063        0.5796076961E-04
    -2.388650147        0.4890285777        0.6826844992E-04
    -1.283335930        0.3162392489        0.5658829834E-05
    -2.316461589        0.4720207177        0.3862572644E-04
    -1.885875006       -0.8985700161        0.7044416406E-05
    -1.890336965       -0.8148974743       -0.1243481922E-07
    -4.002486174       -0.2679721826        0.3956393883E-05
    -2.026591779        -1.206556311        0.3277944913E-06
    -2.481508519       -0.5951499445        0.1769264761E-04
    -2.035497983        0.6508723980        0.2762646283E-06
    -1.512516006        0.7218680923        0.1190493989E-06
    -4.049601295         1.028025926        0.6326098638E-05
    -3.571868574        0.1727075270        0.2862871161E-06
    -2.456880656       -0.8622487745        0.1202971423E-04
   -0.8707223187        0.9086119660        0.3156149607E-06
    -1.115715750       -0.5749362481E-01    0.1169659785E-06
    -1.481665646         1.277971701        0.7348230778E-05
   -0.3497636568        0.1087585348        0.3064488542E-06
    -1.585822321        0.7495010902E-01    0.6465373999E-06
    -3.587677535        -1.221124974        0.3901904058E-04
   -0.5905393388        0.6206921184        0.8683047941E-05
   -0.6716699866        -1.273752950        0.4343101428E-04
   -0.4294957549        0.3533224839        0.6942475692E-05
    -1.405116759       -0.2682855725        0.4250490579E-04
    -1.905101260        -1.516443076        0.4441841446E-04
   -0.4237187781       -0.2093751048        0.7771924674E-05
     1.001757997        0.8509438463        0.3070026109E-06
    -1.735490780       -0.8853293366E-02    0.1496383327E-04
    -1.782944784       -0.1408137609        0.1023195799E-07
    -2.952323017       -0.4201640212        0.4368520331E-05
    -1.137947579        0.5258817805        0.3235830923E-06
   -0.7110060041        -2.047439763        0.1177122535E-04
   -0.4501715441         1.501577989        0.6735794209E-04
    -1.767331589         1.016841214        0.6551142518E-04
   -0.8206447788        0.5296313513        0.5655569505E-05
    -2.008276963        0.5128455346        0.4258055141E-04
    -1.005679510        0.5453980569        0.7210425570E-05
    -2.308493847        0.5369422142        0.4056345066E-04
   -0.4892361401        0.5631572683        0.8032120358E-05
   -0.9313273782         1.486393837        0.2717283141E-06
   -0.6850053390        0.5936664702        0.1154982969E-06
    -1.944096005        0.3483468474        0.6674090224E-04
    -1.053893443         2.362324601        0.5827176850E-05
   -0.7139047749        0.1752392987        0.2744865989E-06
    -1.290041551        0.4717525733        0.1768030120E-04
    -2.090863112       -0.6161408329        0.4275987329E-04
    -1.836137499        0.5984118485        0.6978897988E-05
    -1.582629218        0.6105214162        0.4355933871E-06
    -1.560866046       -0.5708781780E-01    0.3195013417E-07
    -2.543918027        0.4044504067        0.1601990801E-04
    -2.005147914        0.9739706183E-01    0.2838310996E-06
    -2.347731441        0.5490375029        0.1678403758E-04
    0.3399770136       -0.1596441396        0.4664727417E-06
    -4.105417079       -0.1688783803        0.1389827594E-04
   -0.4361647179       -0.7236591833        0.5880105607E-06
    0.6895288943       -0.8991370533        0.1141750245E-06
    -1.591678744        -1.526732139        0.6476874123E-05
    -1.434279117        -1.550968203        0.3953409569E-07
    -1.065612556       -0.7809706498        0.1744594085E-07
    -1.930474932        0.5246190536        0.1785632958E-05
    -3.184850541         2.354242566        0.8080536360E-04
    -1.492502070        -1.198157310        0.6013114600E-05
   -0.3165518307        0.2498419836        0.3079386646E-06
   -0.8810631926        0.6961580709        0.1497359634E-04
    -4.748363826       -0.4837022585        0.3571440003E-04
    -2.149114102       -0.2404538080        0.8302873724E-05
   -0.7675905932        -1.371286835        0.3053318116E-06
    -1.520276222       -0.8318126359        0.1553210406E-04
    -1.312549342        0.2892042875        0.2759161772E-06
    -2.697675012        0.6879985703        0.1604661154E-04
    -2.533957461         1.889597695        0.2757911455E-06
    -1.098324292         2.295360457        0.1219681805E-06
    -2.018878954         1.105246495        0.7053614167E-05
    -2.946393142       -0.6095980829        0.4308696687E-04
    -1.775674364        0.5804931025        0.7638119348E-05
    -1.030638876        0.8341524582        0.2841214712E-06
   -0.8026265880       -0.7078341435        0.7146387659E-06
    -1.183937252       -0.2559638849        0.4332193947E-06
   -0.8646051816         1.049941761        0.1781512972E-06
    0.1985284581E-02    0.2116964081E-01    0.7482769404E-07
    -1.347591217        -1.328301123        0.4547777543E-05
    -2.777069456        0.2372478286        0.6668361450E-04
   -0.3379884987       -0.7272629666        0.6663799112E-05
    -2.606771087        -1.138967165        0.3728168049E-04
    -1.467692351         1.188120767        0.7676794146E-05
    -1.182150185       -0.2404826086        0.2742939160E-06
   -0.7589418338       -0.4494398899        0.1201477025E-06
    -1.303077439        -1.279406857        0.7204144931E-05
    -2.961037708       -0.9803798289        0.3928765099E-04
    -2.598324940         2.610419561        0.6890684878E-04
    -1.431130110        0.3160372251        0.5947648791E-05
    -2.084231426        0.6667169666        0.4280644937E-04
    -1.578883962       -0.3099064079        0.7092034140E-05
    -2.959179079        -1.021870162        0.4202478765E-06
   -0.7636069393       -0.7391085639        0.2064858759E-06
   -0.7231869668       -0.4416644607        0.1204946861E-06
    0.1972339392E-01   -0.7340021290        0.1205533641E-05
    -2.250735437        -1.243006821        0.3777587783E-04
    -2.576335621       -0.5159934628        0.6937070338E-05
    -2.769930446         1.296184910        0.4338737924E-04
    -2.265469222        0.5866755048E-01    0.7066168206E-05
    -3.230921538        -1.182625492        0.3930614609E-04
    -1.388936105        -1.033323787        0.8053768415E-05
   -0.7991471770         1.327593485        0.3089543065E-04
    -3.440041123       -0.6882314347        0.6289153231E-04
   -0.1403600178E-01    0.6163535989E-01    0.7357184208E-05
    -3.603356461         1.518251468        0.6818347225E-04
    -3.371379453        0.2686724409        0.5463087585E-05
    0.4208106136        0.5231231426        0.4671348418E-06
    -1.712378698       -0.1390516989        0.1594293952E-04
    -2.051912104        0.4061559623        0.3383825350E-04
    -1.281830730       -0.6036275497        0.7201829008E-05
    -1.758797391       -0.5200255180E-01    0.4205515566E-04
    -2.434537710        0.1909920055        0.4287895585E-04
    -4.131150540        -1.019644039        0.6335166272E-04
   -0.4537006781        0.2885021408        0.6176541839E-04
    -1.682471023        0.1618764165        0.6743936550E-04
    -3.200052542       -0.3660765294        0.6362094050E-04
    -1.920736300        0.5310668649        0.5932570140E-05
    -1.737116391        -1.006716415        0.2808285614E-06
    -1.296975560       -0.7994023058        0.9720135259E-07
    -1.088908326        -1.697098297        0.7309674924E-05
    -3.173391880       -0.8915302996        0.3914356033E-04
    -3.856045082       -0.9990823674        0.3401599546E-04
    -2.031482374        0.5289692438        0.7988158474E-05
    -2.060537344       -0.1536116473        0.2579040205E-06
    -1.692689253        0.4566252000        0.1823381004E-04
    -1.784205433        -1.065008588        0.2541922907E-06
   -0.9889023133        0.4593789802E-01    0.1118107460E-06
    -1.766142300        0.6267345377E-02    0.7154028013E-05
    -2.690496603        0.2503646381        0.4339957873E-04
   -0.7227131410        0.3764219763        0.7891990764E-05
   -0.9535321844         1.762538345        0.2680935141E-06
   -0.3363461081       -0.3764878924        0.1183867079E-04
    -2.150743352       -0.3953779297        0.3833308661E-04
    -1.416976478       -0.1884669456E-01    0.7034487872E-05
    -2.488983701        0.5305035951        0.3974943912E-04
    -1.376324594         1.618805822        0.7567339447E-05
    -2.153006237        -1.749529873        0.6770991225E-04
    -2.049978964         2.327619636        0.5843803462E-04
    -2.812646655        -1.396672687        0.6786463962E-04
    -1.521644265        -2.206545906        0.6013393693E-05
    -1.290305004        0.4510488910        0.6690936419E-04
    -2.630684538        -1.182985240        0.6583190104E-04
   -0.2850578871        0.6732181934        0.6772573578E-04
    -1.569478363        0.7781771881        0.6716640347E-04
    -1.280255298       -0.1769417445        0.5444123563E-05
    -1.494717596       -0.6726486455        0.4303234859E-04
   -0.6571764198        0.6491590401E-01    0.7117634713E-05
   -0.9417373805        -1.228308989        0.4345027069E-04
   -0.4613881506         1.249647765        0.4365559989E-04
    -3.334077981         1.036238758        0.3670253992E-04
    -1.109762852       -0.5402721351        0.8123655843E-05
    -4.053011253       -0.7651954657        0.3687774026E-04
    -1.332662496        0.1207635975        0.8363545330E-05
    -1.668630719        0.5109826415        0.4400026451E-04
    -3.141153555        0.4971592843        0.3976862669E-04
    -1.096229602       -0.2711569698        0.8007918038E-05
    -1.987245626         1.047402316        0.4287433809E-04
    -1.116258605        0.2202220573        0.7245715005E-05
   -0.3825005445        -1.074068146        0.2865522258E-06
    -1.251578102        0.9035197578        0.1712361334E-04
    -1.768746318        -1.348713763        0.4350511235E-04
   -0.2768226900       -0.2057867772        0.7779840137E-05
    -1.505763754       -0.1788069994        0.3908605850E-04
   -0.7746640850        0.5516041557E-01    0.7077604640E-05
    -1.698383490       -0.1542746555E-01    0.4020063355E-04
   -0.9278864701       -0.9727929194E-01    0.7176657020E-05
   -0.5869236527         1.153497156        0.2837302522E-06
     1.146271091        0.3669346501        0.1363183086E-06
    -1.091946462         1.117389782        0.6322905527E-05
    -5.449297221        0.2989971721        0.3466699890E-04
    -3.002349235        -1.618545424        0.8244657282E-05
    -1.617076548        -1.209488892        0.3050212387E-06
   -0.7683981300        -1.763031808        0.3027615461E-07
    -2.995399792       -0.7008216098        0.6595053914E-05
    -4.380497201         1.081903861        0.4075637594E-04
   -0.7599225637        -1.638722190        0.6795138663E-04
   -0.6860831044       -0.5269384389        0.5389535882E-05
    -1.170894191        -1.286826848        0.4324234729E-04
   -0.7233042016        0.7185990323E-01    0.7011974818E-05
    -1.878846705        0.4578008892        0.2453009579E-06
   -0.7720941084         1.521145668        0.1915495523E-04
    0.5656273736       -0.7875596604        0.2791645484E-06
    0.8167488212E-01   -0.7750731087        0.9664937837E-07
    -2.359531492        -2.163773079        0.2511624297E-06
   -0.5080483462        0.1753261001        0.1261322198E-04
    -2.155613495       -0.4596737295        0.3875392695E-04
    -1.678608287        0.7823058987        0.7047256411E-05
    -1.787565603       -0.1743347341        0.4348415205E-04
    -1.085252325       -0.5320143186        0.7141321187E-05
   -0.7027259358         1.451951054        0.2735025349E-06
    -3.074117084       -0.1693765710        0.1599507164E-04
   -0.1306233265       -0.3218852222        0.4956154429E-06
    -1.927689454        0.2958789921        0.1612006279E-04
    -1.240239539       -0.7815739091        0.4379643656E-04
    -1.364956749         1.938065057        0.6585938221E-04
    -1.369322260        -1.129866380        0.6760875884E-04
    -3.659224216        -1.166673946        0.6126781646E-04
    -1.668431730       -0.1937222905        0.6301962263E-05
    0.2433478119        0.4291886661        0.3141284550E-06
   -0.1333391351        0.5779760069        0.1181329196E-06
    -3.055495212         1.039383991        0.5789498263E-04
    0.7290838687       -0.7990687948        0.6076029910E-04
   -0.4003270397       -0.3743550796E-01    0.6781854926E-04
    -2.811410123        0.1067590630E-03    0.6050336588E-04
    -2.962582528       -0.4876458806        0.6796185042E-04
    -2.589262931         1.166107443        0.5459355616E-05
   -0.8278823351       -0.1554216070        0.3137321537E-06
    -1.718853648        0.8641748236        0.1776964899E-04
    -1.828686012        -1.572625066        0.2488798522E-06
    -1.753225298        0.7972304872        0.1800921506E-04
    -2.693716399        0.7631935126        0.4359368300E-04
    0.1988473608       -0.3247975808E-01    0.8649194274E-05
    -1.000817181       -0.7373269533E-01    0.4073924879E-04
    -1.308546094        0.7413808702        0.6827957850E-05
    -2.073791032         1.158834000        0.4220126756E-04
   -0.2528517737       -0.1150992825        0.7914549607E-05
    -1.838808900        0.3244587644        0.3880408059E-04
    -1.494295882        0.2277785508        0.5458199227E-05
   -0.8690917512        0.1115326438        0.2832118342E-06
   -0.8304088288        0.5589299567E-01    0.1784982112E-06
    -1.458938822       -0.2800691744        0.1048246621E-06
    -1.011112132        -2.378735009        0.3943408912E-05
   -0.4651864954       -0.6065941974        0.4443571346E-04
   -0.6233290869       -0.1736010141        0.6952687929E-07
    -3.496011242        0.4832421255        0.3847933104E-05
    -1.669621967       -0.4442216121        0.3177854668E-06
   -0.4832369845        0.5184898423        0.1313823372E-06
    -2.669954338       -0.6057627597        0.6558529220E-05
    -2.225759846        0.8784467150        0.4381634801E-04
    -2.560847237         1.616160191        0.4308420811E-04
    -1.071991824        0.9385084159        0.7826509103E-05
    -1.994155187        0.7566666000        0.4209056091E-04
   -0.6634966115       -0.4350179621        0.7800902192E-05
    -3.880594949         1.363616816        0.6248093430E-04
   -0.5322402229        -1.414713945        0.6796088983E-04
    -2.995414128        0.5968203789        0.6244576763E-04
   -0.1218737768       -0.4196620989        0.6955046542E-05
   -0.5108726523        0.4238911314        0.2729860171E-06
   -0.9969749414         1.202459626        0.1786586523E-04
    -2.196965310       -0.1795603633        0.4265081982E-04
    -2.354191883        -1.091514230        0.6828684701E-05
    -1.084540245       -0.2067566723E-02    0.3072982807E-06
    -1.369864516       -0.7061365468        0.1445646360E-04
    -1.703308518         1.563404090        0.4249891920E-04
    -1.792446303        0.8735640296        0.6868694661E-05
    -1.096609799        -1.064883821        0.2910910057E-04
   -0.3042836783         1.227266051        0.2712573872E-06
    -3.044513016        0.1804542661        0.1499562329E-04
    -2.154858676        -1.393731989        0.2923163420E-04
    -1.636314090         2.164214228        0.2606612062E-04
    -2.369442931       -0.3505253191        0.6655930311E-04
   -0.1218492892        0.1633238816        0.6488721419E-05
    -2.719397716         1.084361422        0.3739834396E-04
   -0.8821402801        -1.037067671        0.7829508996E-05
   -0.1721707210        0.4699721804        0.2774066863E-06
    -2.026544387       -0.1649564891        0.1501429381E-04
    -2.168293659        0.7174004718        0.4385706889E-04
   -0.7695966834       -0.8234927854        0.7861732741E-05
    0.1616919825E-01   -0.6018989261        0.2848979232E-06
    -1.715964054       -0.3280150531        0.1571664894E-04
    -2.344431237        0.3328258231E-01    0.4388398210E-06
   -0.5817685210E-01    0.8099724188        0.2109587457E-06
   -0.2207133461         1.351578143        0.1156083745E-04
    -1.558756860        -1.471545082        0.2164725826E-06
   -0.6012487144       -0.2692790753        0.1105069528E-06
   -0.6119523758       -0.2925992661        0.1857993287E-07
    -2.284774678        0.3187529766        0.1668760358E-04
   -0.7577030927        -1.248696525        0.2983800237E-06
    -3.103021033         1.614849505        0.6082204257E-04
    -1.215035451        0.3855792461        0.6285274343E-05
    -1.783166209         2.287237840        0.2556554692E-06
    -2.084390616        0.4272677953        0.7256600158E-06
    -1.397812386        -1.147819166        0.2838786964E-06
    -2.678933614        -1.380171708        0.1763266182E-04
    -1.426638323        -2.153818776        0.3006436241E-06
    -1.339963633       -0.8152057787        0.1796272788E-04
    -1.478786195       -0.6788501351        0.2662923637E-07
    -1.564161938       -0.4553782085        0.9901113998E-07
    -1.911554504         1.189800785       -0.6243771224E-08
   -0.2918992299        0.2803717857        0.3855694896E-07
    -1.302461034         2.161015109        0.1863077136E-05
    -2.314143384        -1.234866812        0.6220175915E-04
    -1.851484390       -0.3914145435        0.5456390159E-05
    -1.972182923         1.576266027        0.2688948178E-06
    -1.614465854         2.024174385        0.2085286996E-07
    -1.465303726        -2.155839749        0.2872463410E-04
   -0.7988111651       -0.8123938977        0.2770337323E-06
    0.1871416168        0.5851805307        0.1801435287E-04
    -4.007216464        -1.715273789        0.6615018852E-04
    -3.467886738       -0.4958902686        0.5506454959E-05
    -1.543959065        0.6673649013        0.3161940928E-06
    -1.550215868        -1.620275585        0.1043922624E-06
    -1.248037279       -0.3330141014        0.5051444642E-07
    0.5421308978        0.3014045827        0.7756178418E-04
    -2.082553007        0.6780947170        0.5995764728E-04
    -2.142933168        -1.142862841        0.5290184166E-05
   -0.9524353341        0.1520914581        0.3027628546E-06
   -0.2705577623        0.9853601783        0.1217510087E-06
    0.1465822766       -0.8771231498        0.1316230621E-07
    -2.413021286        0.2813530098        0.2643903741E-05
   -0.9667687967        -2.227442166        0.3067362529E-06
    -1.163002218       -0.3240179132        0.1770069696E-04
    -2.081427398       -0.2247309395        0.4301924422E-04
   -0.3683301633         1.292774543        0.7949620366E-05
   -0.4620226886         1.056251044        0.3177736203E-06
    -2.004579176        0.1573108596        0.1598385332E-04
    -1.685247410       -0.7415260449        0.2742987169E-06
    -1.538561763       -0.4577094054E-02    0.1158190536E-06
   -0.2117104120        0.2525745384        0.5883019023E-07
    -1.888952434         2.351319229        0.2950103266E-05
   -0.9888868037         2.052111027        0.2906235291E-06
    -1.395699971       -0.1952492114        0.1093320067E-04
   -0.3827953311       -0.7595867864        0.2846675979E-06
    -1.755888557        0.6706981366        0.1734203851E-04
    -2.359127392       -0.8918245450        0.1842542721E-04
    -1.024480169       -0.6092089737        0.3046434741E-06
    -2.891017440       -0.8076503992        0.1589518802E-04
   -0.6210705103       -0.1008379659E-01    0.4056367989E-06
    -2.705359570       -0.2689282986        0.1580162627E-04
    -1.782859700        0.5221669675        0.2774498393E-06
     1.233888501       -0.2198334437        0.1365737055E-06
   -0.4576184626        0.2755338305        0.6608828150E-05
    -2.150826587         1.791147751        0.3986844038E-04
    -1.746472878        -2.097502639        0.6873595050E-04
   -0.8900952999         1.563155855        0.6780280909E-04
    -3.056646351       -0.3907178921        0.6239358958E-04
    -2.199761550       -0.6932514529        0.5608842858E-05
   -0.9743404113        0.5018726897        0.2988799478E-06
    -2.402624766        -1.289740853        0.1637892564E-04
    -2.786490533       -0.3657471065        0.2691104802E-06
   -0.9325324238         1.433013695        0.1357834166E-06
    -1.656440474        0.8440082630E-01    0.2821410717E-05
   -0.6699201629       -0.2949401375        0.2925065424E-06
    -1.392910787       -0.2430739917        0.1184886057E-06
    -1.876172393        -2.914511812        0.6567249565E-04
    -3.125752302         1.181119542        0.6818885504E-04
    -2.801878945        0.4082638133        0.5491887500E-05
   -0.9442724229       -0.8598230273        0.3339527274E-06
   -0.9448791834       -0.3362295627        0.1780773217E-04
    -2.283315853       -0.6872410274        0.4332855428E-04
    -2.974601846        0.5288605518        0.4276686020E-04
    -2.490337324        0.4210334089        0.7131490318E-05
    -1.955395950         1.019364416        0.4284265462E-04
    -2.377546230        0.1765058484        0.4256454336E-04
   -0.2223788246       -0.9664349778        0.8119122660E-05
    -1.120904454        0.7022044829        0.4088676987E-04
    -2.209351715         1.105976183        0.4237086625E-04
   -0.2883771176       -0.5460702175        0.7958024225E-05
   -0.7675490531        0.2410118962        0.4322515425E-04
    0.1573032267E-01     1.029656027        0.7120717860E-05
    -1.983562092        0.3342524566        0.3846471069E-04
    -1.644310228        -1.208370102        0.7001458500E-05
    -1.464319346        -1.649110503        0.4409352385E-04
    -1.348205477       -0.6008302256        0.8000171485E-07
    -1.980248288        0.2389831466        0.4522890986E-05
    -1.022445300       -0.6479767312        0.2932972983E-06
    -1.931293980         1.478573011        0.7046359823E-06
    -1.230744115        0.1176295013        0.2861281367E-06
   -0.9015455442         1.093747418        0.7273933609E-06
    -2.544701976       -0.9060764663        0.6480004390E-04
    -3.291709755        -1.617643418        0.6713710328E-04
    -1.715807773        0.6124376934E-01    0.6069958517E-05
    -1.810436807       -0.3364906645        0.4362103401E-04
    -2.307241713       -0.3089106122        0.6794791581E-05
   -0.7903297064       -0.4506986068        0.3118149117E-06
    -1.335699791        0.6647373774E-02    0.1717587734E-06
    -2.657960905        0.5661420935        0.1061621273E-04
    -2.669516935        0.5550746006        0.4335222990E-06
   -0.6686124584E-01    0.4518141597        0.2106081644E-06
    -1.118112811       -0.5567010107        0.1127781229E-04
    -1.750787146         2.095200029        0.2375374527E-06
    -1.681558216       -0.6926999337        0.7341061744E-04
    -3.308159907        -1.150177692        0.6718108449E-04
    -1.828652579       -0.4728959038        0.6026362282E-05
   -0.1243425415        -1.599765025        0.3112588783E-06
   -0.2580662837       -0.6598186278        0.1126278995E-06
   -0.7624334095        -1.734803256        0.7445001323E-05
    -1.582359712       -0.2192681424        0.2481022920E-06
    -1.749006092       -0.3454547855       -0.4432318181E-07
   -0.9807322745         2.083114097       -0.4094711530E-08
    -1.409097858        -1.393660450        0.7264414398E-04
    -3.837572861       -0.2565739302        0.6190583265E-04
    -3.000974137       -0.1278627202        0.5619248302E-05
   -0.5261479654       -0.9078757912E-01    0.3634393197E-06
    -1.128043568        0.4749725123        0.1759379216E-04
   -0.7075876517       -0.1991601908        0.2767585227E-06
    -2.920868037        0.8770835789        0.1577353644E-04
    -1.042984114       -0.9769325042        0.3104288517E-06
    -1.099797710        0.5953160060E-01    0.7204306137E-06
    -1.439557402        0.5518397774       -0.5610381780E-07
   -0.2087095656        0.1147909078       -0.2205213693E-08
    -1.796677736        0.6388016465        0.1648786994E-05
   -0.6504639763       -0.5877387137        0.3107568892E-06
    -1.075931432       -0.4014795200        0.9543665915E-07
    -1.084217334        0.5131056605        0.6561771732E-05
    -1.875436261         1.725302607        0.4304193186E-04
    -1.564655230        0.9580620090        0.4623653682E-04
    -1.591781707         2.021448834        0.6929995506E-05
   -0.7156589031         1.043869673        0.2873655704E-06
    -2.861702453        0.5468003817        0.1567153917E-04
    0.1302873421       -0.5249537032        0.5030266081E-06
    -2.462373784        0.4817434391        0.1559900650E-04
    -1.004729796       -0.4477159275        0.3139267601E-06
    -3.071590140        -1.083011705        0.1555338678E-04
    0.8149698608        0.2220378791        0.3185539617E-04
    -1.235621472       -0.7525522935        0.3884090601E-04
   -0.8822856106       -0.4525671077        0.5524271811E-05
    -2.360801793         1.888087850        0.6353812924E-04
    -1.557638731       -0.7176819859        0.5789053744E-05
    -2.654536797        0.3163131101        0.4284797408E-04
    -1.135983854       -0.1853524789        0.7846334157E-05
    0.3320104959        0.2248244951        0.3102198685E-06
    -1.232741943        0.4856852684        0.6379411354E-06
   -0.9186187200         1.014191210        0.1710836776E-05
   -0.6540850019       -0.1431579409        0.2847332401E-06
    -2.440291084         1.057251835        0.1606044070E-04
    -1.478731715        0.3017446699        0.2888424698E-06
   -0.9445019059         1.604626771        0.1149135955E-06
    -3.138977413        0.9040703321        0.6386037366E-05
    -2.332114780       -0.1783100675        0.2837115123E-06
   -0.5105608324        -1.075702611        0.1216843507E-06
    -1.839156392       -0.5663701220        0.6800982090E-05
    -1.305799990       -0.3677850590        0.2625034860E-06
   -0.8153102380        -1.686394649        0.1151732359E-06
    -2.402390969        0.3720902281        0.7143955180E-05
    -1.655972765        0.6494731282        0.2851907461E-06
    -1.216963725       -0.9599779687        0.1794897831E-04
    -3.370899010       -0.2507264868        0.4072746904E-04
    -1.943280840       -0.7826906354E-01    0.7760401266E-05
    0.1213792820        0.6816277531        0.3249970349E-06
    -1.958762772        -1.462636725        0.7385667668E-04
    -2.014476694         1.593955917        0.6617965144E-04
   -0.4711378184         1.177283805        0.6116466719E-05
    -1.234886016       -0.6961154255        0.4082039850E-04
    -4.221899797       -0.4647410587        0.3670378258E-04
    0.7336049746        0.5130303242        0.8268819084E-04
    -2.333766187       -0.6909639450        0.5919762889E-04
    -2.373809225        -1.090387380        0.1084617128E-04
    -2.028025330        0.9344525722        0.2726469736E-06
   -0.2009824167         1.586318601        0.1192024104E-06
    -2.352112960       -0.1727961371E-01    0.6576303494E-05
   -0.4015265870         1.006809250        0.3248502285E-06
   -0.5455708945        -1.488849146        0.1783449891E-04
    -1.757252810       -0.9222788549        0.4252046093E-04
    0.2065495859        0.8532924997        0.8065832474E-05
   -0.9842747075        -1.080484059        0.4262625687E-04
    -2.345365824         1.026437815        0.6264134619E-04
    0.2015955769        -1.798560703        0.6770538385E-04
   -0.6329609757        -1.729723229        0.6660989405E-04
    -1.984374921       -0.4639793817        0.6381205968E-04
    -2.433656399       -0.4449030223        0.6000808882E-04
    -1.669073149       -0.1179254393        0.5581642534E-05
    -2.616699158        0.5414114848        0.4219170656E-04
    -3.123289342       -0.6179514111        0.4286580617E-04
    -3.644645892        -1.497597511        0.4360743769E-04
    -1.046520651        0.1820851553        0.8390047547E-05
    -3.513431845       -0.4740765168        0.3822549724E-04
    -3.939515411        0.6445323678        0.4355162451E-04
    -3.411528087         1.037289176        0.7093919910E-05
   -0.7811121368        0.5446509696        0.3781303895E-06
   -0.8583143908         1.019766580       -0.1586961985E-06
    0.9848501435         1.068562588        0.3154555299E-06
    -2.915821967        -1.241518794        0.5411271375E-04
   -0.2001585987        -1.734486530        0.6768168397E-05
    -1.173482601        0.9793772610        0.6965104176E-08
    -2.497646590        0.7797244529        0.6613555010E-05
    -1.330852273        -1.812479905        0.2988064769E-06
    0.6021947648         1.133485317        0.1331087330E-04
   -0.1751060718       -0.3739205274E-01    0.4208486216E-04
   -0.3916137618        -1.124760854        0.4279382499E-04
    -2.455470021        0.8307952918        0.3935560361E-04
    -2.036491537       -0.2301377594        0.7037718421E-05
    0.1000047701        0.4604025700E-02    0.3413660549E-06
    0.2580814680       -0.6130792886       -0.8138873581E-08
    -1.530375673        0.8128353173        0.6670641197E-05
    -2.605299138        0.6132533889        0.3995486685E-04
    -1.327773395        -1.308439906       -0.7125678205E-07
   -0.7041444862        -1.423746019        0.4036851666E-07
    -1.125545825       -0.8384799509        0.2778877728E-05
    -1.934478818        -1.099858873        0.4274255882E-04
    -1.211119161         1.796039183        0.7453374648E-05
    -2.144470905        0.3318978417        0.4285034443E-04
    -1.605323844        -2.160296087        0.7028350931E-04
   -0.8246013401       -0.2645511130        0.5775067975E-05
    -1.645036934         1.267070600        0.6655371081E-04
    -1.853524555        0.4539473959        0.6815048021E-04
    0.1342275843        -1.221800129        0.6410235737E-05
    -1.972514016       -0.7433204244        0.3854705337E-04
   -0.4974724937E-01    0.1143331258        0.8048863661E-05
    -2.039298521        0.9528371130        0.3866073981E-04
   -0.1466399629        -1.579597731        0.9200279270E-04
    -1.372860495        0.4082381229        0.6341116155E-04
    -1.762922693       -0.9480726117        0.5272912647E-05
    -2.106139690        0.8463143351        0.4311502405E-04
   -0.8649129918         1.307323422        0.7599122147E-05
    -1.911517183         1.469219330        0.4048864382E-04
    -1.387731021         1.446153378        0.7099412588E-05
    -3.385614084        -1.717952586        0.6326330353E-04
   -0.9257744230       -0.9397854040        0.6556941292E-05
    -1.741245431        0.1026425365        0.4228471005E-04
    -1.454787432         1.093136271        0.4330697864E-04
    -1.529479937       -0.9405043788        0.4366420666E-04
    -1.092720434        0.3742190261        0.6988459738E-05
    -2.093054017       -0.8492951134        0.4245248428E-04
    -1.237566020        -1.289553963        0.7206367587E-05
    -2.946909202       -0.2550983461        0.3966622651E-04
    -1.879806554       -0.6174701956        0.7260436747E-05
    -1.346328696       -0.5464443055        0.2840958959E-06
   -0.3092512250       -0.1987241342        0.1217717537E-06
   -0.3587474282E-01     1.304266756        0.7440760102E-05
    -1.187210880         1.485157466        0.4279712424E-04
    -2.942582781        0.2874371045E-01    0.3937376033E-04
    -1.408613118         1.058650379        0.7845664723E-05
    -3.410991469         1.003631373        0.3885893978E-04
   -0.5254591272         1.850179850        0.8534836993E-05
   -0.8753391429        0.8363036368        0.4350293121E-04
    -3.091948129         1.018063954        0.3802730216E-04
    -1.570870808       -0.2407756599        0.7876933901E-05
    -1.368989309       -0.3326057816        0.4353030769E-06
   -0.9206382939       -0.2865215790        0.5941594953E-07
    -1.734473135        -1.527532451        0.1128276828E-04
    -1.535877966       -0.6040330670        0.4332547468E-04
    -3.658666388         1.245877445        0.3945184872E-04
    -1.094508421        -2.242271526        0.6782409845E-04
    -2.291947476         1.611406630        0.6773307018E-04
   -0.1757751554         1.494987143        0.6443300695E-05
    -3.195666146         1.141940198        0.3663119052E-04
    -2.122392522        0.5698698367        0.7285806671E-05
    -2.110644263        0.4890422663        0.4343613097E-06
    -1.788032227        0.8245278112        0.1790951625E-06
   -0.5513280346       -0.3013805302        0.9528022168E-07
    -1.434597566       -0.1449299303        0.1642610297E-06
   -0.7375519845         2.097381411        0.6604779357E-07
    -1.478861993       -0.3753984215        0.4769459919E-05
    -1.583375911        -1.002517512        0.4350116108E-04
    0.5919344471E-01   -0.9589619923E-01    0.7854195406E-05
    -1.376525394       -0.7516646660        0.3992635634E-04
    -1.063952915        0.8497969324        0.6979970621E-05
    -3.076247187       -0.9050837281        0.3952743647E-04
    -2.247089880         1.909096587        0.7510621908E-05
    -1.626498482       -0.5223219300        0.3340158930E-04
    -1.750732976       -0.9686707175        0.4314165819E-04
    -2.992064434       -0.8688842999        0.4304083556E-04
    -3.447085300        0.9563971796        0.4402007084E-04
    -2.078330235        0.1843119472        0.7822512918E-05
    -1.229444627         1.527727951        0.2802714384E-06
    -2.604207010        0.1687691774        0.1724051755E-04
    -1.495188236       -0.3564799156        0.2963579359E-06
    -2.042647225         1.564677828        0.1715069016E-04
    -3.520005401         1.269468543        0.3972855352E-04
    -1.531476483        -2.102224163        0.8171437280E-05
    -1.054195131        -1.237747530        0.2805381277E-06
    -2.184383797         2.357454188        0.6596719089E-04
    -2.274904166       -0.3384039391        0.6783409220E-04
    0.2832225314E-01     1.400196084        0.6565818143E-05
    -1.833665465       -0.3238706099        0.3968222606E-04
    -1.253912009       -0.4105903579        0.7102145430E-05
    -1.478273033         2.086843306        0.6861945826E-04
    -2.853830041        0.1609278845E-01    0.6721884269E-04
   -0.3968632565       -0.5819393682        0.6679861988E-05
    -2.060981331        0.9623656329        0.2340296022E-06
    -1.874265220        0.3477625855        0.1783794825E-04
    -1.374669482       -0.6120966334        0.2808951646E-06
    -1.042536514        0.6601224727E-02    0.1409151545E-07
    -2.774890286       -0.1298843976        0.1657515143E-05
    -3.729675468       -0.6671497988        0.4302588530E-04
    -2.340538579         1.103860299        0.7796574789E-05
    -1.119005525        0.6177867674        0.2923904219E-04
   -0.7495014702       -0.4434340550        0.4363947145E-04
    -2.161620400        -1.004281181        0.3945938631E-04
    -2.263502459       -0.2154041313        0.3843562405E-04
   -0.8174921932         1.760732344        0.7807049603E-05
    -1.643446446       -0.1472104555        0.4320954761E-04
    -1.584947683       -0.5969842805        0.8643468454E-05
    -1.685430047       -0.3931612717        0.4311974124E-06
    -2.484147092        0.4013791042        0.1629218531E-06
   -0.9307710780        0.3490378969        0.9438721517E-07
    -2.452432473        0.6967029544        0.4261834139E-05
    -1.100459916         2.393980742        0.3079675848E-06
   -0.6287167361        0.7470916102        0.1147022603E-06
   -0.8482881648E-01   -0.3526221823E-01    0.5099787212E-07
    -1.608705871         1.275185947        0.2708072735E-05
   -0.5465055504        -2.007296980        0.3120231919E-04
    -1.192273894        0.7028951497        0.6640474277E-04
   -0.7395267619         1.718573883        0.5429557734E-05
   -0.6293887063        -1.926648344        0.6676434188E-04
    -2.040993698       -0.9559719933        0.6590300276E-04
    -1.922527086       -0.7664149786        0.6190820083E-07
    -1.613095897       -0.4488412207        0.3457558821E-05
    -1.017430280       -0.6817816662        0.2884021963E-06
    -3.078305321         1.220976933        0.5291654090E-04
    -3.421619669         1.968186767        0.6734442988E-04
    -1.291911817         1.545737823        0.6447803674E-05
   -0.2547576509       -0.1701006472        0.2979156436E-06
    -1.674906156         1.857582497        0.1666184870E-04
   -0.4439615843       -0.7805961271        0.2832684379E-06
   -0.3762418656         1.061987106        0.1136287584E-06
   -0.9301564042         1.280464466        0.7190966889E-05
    -2.878005857        -1.377795675        0.6682756358E-04
   -0.8338062596       -0.3020187630        0.6285489872E-05
   -0.9482755422        0.7324607274E-01    0.4428056252E-04
    -1.911319183       -0.7801244397E-01    0.6608286608E-05
    -1.307534284        0.2761711622        0.2819444069E-06
    -2.344936594        0.8854270199        0.1631841630E-04
   -0.7109866260        0.6630894826        0.3200915580E-06
    -3.804641158        0.1448604069        0.1514845461E-04
    -1.887469363        0.1632871479        0.3632857513E-06
    -1.819112591        0.2302099762E-01   -0.9415370677E-08
    -1.130766215        0.2333684976        0.2961681002E-06
    -1.295832161        0.8192416374        0.1859749007E-04
    -1.100190532        0.6447633383        0.4331749701E-06
    -1.000712963        -2.398250283        0.1761704211E-04
    -2.242080347       -0.8040913991        0.4181423084E-04
    -1.837660760        0.3233280729        0.6993725701E-05
    -1.450501852        -1.367929314        0.2780689267E-06
   -0.3760478836       -0.1181320331        0.1234253183E-06
    -1.926026582        0.4342608377        0.6557394535E-05
    -2.258771852        0.8655102945        0.1033337473E-07
   -0.3844867794         1.717902334        0.4572746100E-07
    -1.185294609        0.8717629231        0.1821891319E-05
   -0.6607686770        0.4937292243        0.2895394330E-06
   -0.9510873034        0.3077382171        0.1765866442E-06
    -1.784309758        0.1757352247E-01    0.1105397187E-04
   -0.5403325829       -0.3090732855        0.3029548351E-06
   -0.5877248706        -1.252627207        0.1052011714E-06
   -0.7337666629        -1.716058132        0.3838397105E-07
   -0.9497592824       -0.1553218846        0.2991619797E-05
   -0.7670653044       -0.3139919106E-01    0.2141582884E-07
    -2.205212431       -0.1003169837        0.3995062006E-05
    -2.272222594         1.235998444        0.2742180742E-06
    -1.063643095         1.086124690        0.1158222439E-06
    -1.198100231       -0.9143839555E-01    0.4797084312E-07
    -1.229195564       -0.2126139596        0.9970129439E-08
   -0.8808472563       -0.1876499646        0.1194475817E-04
    -1.993471248        0.4222277673        0.4269980939E-04
    -2.412464791        -1.054122104        0.4367505924E-04
    -1.973889724        -1.565593864        0.7132556740E-05
   -0.8588992710        0.1464436306        0.2895497868E-06
    -1.006931828        0.5991454622        0.1777558219E-04
    -2.042508581         1.135343066        0.4265924555E-04
    -2.255384883         1.750027963        0.5564665149E-05
    -1.080994710         1.862801621        0.2849494590E-06
    -3.308155613        0.2429787440E-01    0.1627778325E-04
    -1.623222252        -1.093212498        0.3086628605E-06
   -0.7091072276        -1.036331289        0.1209028375E-06
   -0.1321829802        -2.166358394        0.5425532565E-07
   -0.5473894606         1.692991679        0.6104641621E-04
    -2.332493019       -0.3710504961        0.6771438242E-04
    -1.109875221        -1.474146228        0.5991153092E-05
   -0.4240967861       -0.2917966849        0.2785440168E-06
   -0.7038617743       -0.7850759924        0.9999062365E-07
    -1.605939441       -0.1721517435        0.7306729835E-05
    0.2707281990        -1.087990795        0.3114283505E-06
    -1.276604951         1.084237154        0.1590716829E-04
    -3.491335846       -0.2048064948        0.3953671173E-04
    -1.983350956        -1.372084764        0.7905873018E-05
    -1.887806246       -0.9025168482        0.4094741822E-04
    -2.769733834        -1.321480374        0.4352804734E-04
    -2.687463283         2.194834284        0.6756040740E-04
    -1.887544170        0.5396368855        0.7067552848E-04
    -1.824790283        -1.581609145        0.5263067125E-05
   -0.8452831050         1.042884926        0.3005394685E-06
    0.2909814961        0.4844204637        0.1914362935E-04
     1.547689633         1.835363314        0.3021073554E-06
    -1.840901808        0.1857978380        0.7604006590E-04
   -0.3796354211        0.3793741752        0.6073906147E-05
    -3.552859876         2.522832289        0.3766938939E-04
    -1.242877874         1.413965295        0.8197352539E-05
    0.1321794668        0.2278374152        0.3081142513E-06
    0.1731300594        0.8452168963       -0.9011786862E-08
    -2.504892705       -0.6367296209        0.1548465157E-05
    -1.458958390         1.512454254        0.3041637959E-06
    -1.774046058        0.3587684922        0.1812012004E-04
   -0.6125386704        0.6250712658        0.2863833317E-06
    -1.741680534         2.387693523        0.6644536762E-06
    -1.146967079       -0.9604691871        0.1155607470E-05
    0.4784210635        0.8704462526        0.3079923041E-06
    0.1849606783       -0.4685616390        0.1795267956E-04
    -2.607746263       -0.4587940422        0.3664239785E-04
    -1.476552121         2.171713290        0.7672931817E-05
    0.8292597301         1.501335130        0.3714225095E-06
   -0.6229673736       -0.5657284658        0.1726493668E-04
    -2.991573680       -0.9494229258        0.3768044872E-04
   -0.4809134179        -1.264235280        0.8299403745E-05
    -2.789261210        0.7375149383        0.7046975209E-04
   -0.2583971520E-01    0.6103507888        0.6926046507E-05
    -2.750999159         1.547512114        0.3727541226E-04
    -1.122093575        0.6976955354        0.7734725314E-05
    -2.860260371       -0.5057680018        0.3934803004E-04
    -2.407608578       -0.3368243649E-01    0.7067751833E-05
    -1.061796836        -1.399511665        0.3056171242E-06
    -2.304569165        -1.264831951        0.1625950655E-04
    0.1614013120        0.3348014683E-01    0.4368108579E-06
   -0.4391789031       -0.4373286873        0.1087919267E-06
   -0.5502628682       -0.2434101209        0.5880380613E-07
    -3.349137783        0.9920816616        0.4058424045E-05
    -1.682294976        0.3032514753        0.3187305695E-06
    -3.852199225         1.289469491        0.1601985950E-04
    -1.650637895         1.817014427        0.3870944728E-06
    -2.377297259         1.432266228        0.6920346505E-06
    -1.817760083        0.4644135565        0.4294538479E-08
    -2.007212117        -1.151575213        0.1778464138E-04
    -1.775721196       -0.2049508550E-01    0.2788772760E-06
   -0.2957529737        0.7062505605E-01    0.1194178391E-06
   -0.6082903943       -0.1613143987        0.7090962964E-07
   -0.3965849233E-01    0.1010201541        0.3191835195E-07
    -1.087034839         1.360545941        0.1878235644E-05
    -1.668083550       -0.4262647842        0.4295730334E-04
    0.2065631384         1.280092512        0.8021376692E-05
   -0.5581326545        -1.564700407        0.6580694420E-04
    -1.519216805        0.6863371343        0.6774251882E-04
   -0.7809990559        -1.548165047        0.6587290933E-04
    -2.510827066        0.1403465603        0.6792665990E-04
    -2.294642087        0.2685894180        0.6633238398E-07
    -1.228961901         2.224739905        0.3054239688E-07
    -1.269311138         1.051600497        0.6702854956E-04
    -1.522991122        -2.107245138        0.6774863967E-04
   -0.3468769295E-01    0.5093236201        0.6062486400E-05
   -0.9353997633         1.239750537        0.2470644115E-06
    0.2690987744E-01     1.120525820        0.1934749434E-04
    -1.703058856         1.677682776        0.3927748733E-04
    -2.219705458       -0.5549801232E-01    0.4298782225E-04
    -1.130108912       -0.2456477767        0.7266883692E-05
   -0.6769118324         1.116443420        0.2750889689E-06
   -0.4076048757        -2.050610339        0.6290211558E-04
    -1.330695513         1.618166987        0.6753221903E-04
    -1.387973401        0.8512982757E-01    0.6811420480E-04
    -2.814270681        0.1338136158E-01    0.6262853015E-04
    -1.872266354        -1.349707314        0.6961837780E-04
   -0.7583000879        0.1768666694        0.5887809117E-05
    -3.275052021        0.9010388679        0.3805130191E-04
    -1.189032772       -0.4423993810        0.8044817584E-05
    -2.854836037        0.8868779787        0.6005560423E-04
   -0.2990117059       -0.2574429370        0.6708734877E-05
    -1.494269768         1.051368701        0.4058056815E-04
   -0.9207683082         1.868348415        0.7059776818E-05
    -2.159261734        0.6801004977        0.4276621448E-04
    -1.836044919       -0.7893446948        0.7004804911E-05
   -0.7784658676        0.5260525629        0.3009767297E-06
   -0.7995741694       -0.7081779597        0.1076896766E-06
    -1.813068136        0.2415973924        0.6739066557E-04
    -1.872769693         1.435291330        0.6878215342E-04
   -0.8935770107         1.185128117        0.5654991605E-05
   -0.5251505066        0.1543995402E-01    0.2728343145E-06
    -1.809569567        0.5889714146        0.1631874389E-04
   -0.2447400415       -0.6934808161        0.3070708240E-06
   -0.2935980653       -0.5105182927        0.1863646170E-07
    -2.035996475       -0.8081546538E-01    0.1653460915E-05
    0.1379676948E-01    0.1151675028        0.3158353675E-06
   -0.5930094063         1.003148429        0.1781276599E-04
    -3.116682959       -0.7237513600        0.3864715147E-04
   -0.8531157228        0.5376832306        0.8141440401E-05
    -1.134471076        0.2063837158        0.4278508358E-04
   -0.8794153853E-01     1.980873459        0.7545061923E-05
    -2.348171360        0.9206257034        0.3893913658E-04
   -0.4889324558        -1.715724927        0.5574273583E-04
   -0.6188768048        -1.741548038        0.6073402088E-07
    -1.781813604        0.7936020861        0.6456780765E-04
   -0.2511736987        -2.214265276        0.6091171603E-05
    -1.724767679       -0.1768499915        0.6699060994E-04
    -1.663076184        0.2623909111        0.6892103717E-04
    -1.513038373        0.1245469038        0.5305231428E-07
    -2.386320978       -0.4130340735        0.5291927856E-06
    -2.181853208        -1.674724478        0.2245703890E-06
    -3.235277851        0.5250042103        0.1359157709E-04
    -1.759883838        0.4776974809        0.3122646592E-06
    -3.222393689       -0.4064051764        0.1754512998E-04
    -1.798017730        0.5595291406        0.3028319273E-06
    -2.781655857        -1.948233254        0.1751462774E-04
    -2.565984168       -0.5591406599        0.2820019146E-06
   -0.7130059492        0.4133409302        0.1200744844E-06
   -0.5275287397       -0.2851727524        0.5024911647E-07
   -0.7577528994        0.2742347172        0.3039933729E-05
   -0.2818420277        0.2701185506        0.2779523382E-06
   -0.6753465086       -0.2866191135        0.1744869549E-04
    -1.456714786        0.1383680839        0.4236920604E-04
    -2.292484550         1.165957700        0.4254419856E-04
    -1.235670656         1.445422834        0.7216185496E-05
   -0.7787742393        0.1301830814        0.4339731215E-04
    -2.696979491        -1.418881514        0.3951803059E-04
    0.1065787365        -1.328687895        0.8535371008E-05
   -0.1523100837       -0.2689678028        0.4300037714E-04
    -3.352338217        0.4743324955        0.3591953661E-04
     1.569233994       -0.3502188550        0.1048818423E-04
   -0.8476248622        0.4177127611        0.3759097783E-04
    -1.697038178        -1.684847613        0.4277296758E-04
    -1.410716972         2.580253112        0.6808736965E-04
    -2.447302763        0.8628997629        0.6650347629E-04
    -4.904519522        -1.410266859        0.6864857301E-04
    -1.314934954       -0.7258325180        0.7283743141E-05
    -3.717619275        0.5454806864E-01    0.3852957688E-04
   -0.3087360876       -0.2564509643        0.8972793511E-05
    -1.185233897        0.1007698669        0.4245357134E-04
   -0.4364415899        0.8944692021        0.7077280134E-05
    -2.015887460       -0.6540308567        0.7535384086E-04
    -1.115484854        0.5524855886        0.5558858883E-05
   -0.7722813953        0.3828690082        0.2826591247E-06
   -0.4847310873        0.5640039190        0.1205887142E-06
   -0.9788866257         1.495368439        0.4810042898E-07
    -2.023014234         1.037734762        0.2733783045E-05
   -0.4753583257       -0.2430639723        0.3175850616E-06
    -1.515717027        0.7332976014        0.1856989874E-06
    -3.768369516        -2.205726757        0.6586581932E-04
   -0.4157769153       -0.8104914813        0.7336048543E-05
    -2.262507310        0.8521825265        0.3840702758E-04
   -0.5198283877       -0.1547811139E-01    0.7985628767E-05
    -1.300343045         1.419198409        0.4309002759E-04
    -1.293915208       -0.1370697720E-01    0.6861425718E-05
    -1.577208517        0.7901182469        0.4296691903E-04
    -1.708212408       -0.3151271532        0.4327999890E-04
    0.8202567386       -0.2066606107        0.8377064060E-05
    -4.525540684        0.1599808577        0.3256644787E-04
   -0.7954631055       -0.1530313072        0.1048770562E-05
    -2.975457342       -0.9138164062E-01    0.1576601670E-04
   -0.4585531778        0.4995324039        0.4434972514E-06
    -2.322361012        0.3430823260        0.6401483378E-06
    -1.524174094       -0.6924027073        0.1756887030E-05
    -2.425014640        0.7763285660        0.3751889919E-07
    -1.279228999         1.244254825        0.1907239076E-06
    -1.197882111       -0.2178336231E-01    0.1147364650E-04
    -2.695000053        0.8411303755        0.4254081593E-04
    -2.824183868       -0.2341081742E-01    0.4083990467E-04
   -0.4733970363        -1.607486009        0.8247483887E-05
   -0.6408017248       -0.5879664738        0.2771673237E-06
    -2.981124000        0.5398724780        0.1564362309E-04
    -1.669370455       -0.5315898394        0.3089195384E-06
   -0.1000338006       -0.2295221387        0.1381514185E-06
    -1.635459504       -0.6056405540        0.6696723460E-05
    -1.582239347        0.7587178418        0.4361804290E-04
    -1.988922325        0.4030647440        0.6723047815E-05
    -2.217877605        0.3132855009        0.4374695057E-06
    -1.499149749        0.3069666183        0.1832916473E-06
    -1.410685202       -0.2143683911        0.7782290552E-07
    -2.258281996        -1.159679861        0.1897111441E-06
   -0.5198529760        0.8260678955        0.9470610161E-07
    -1.525550325        -1.372200374        0.4811901691E-05
   -0.6212355506        0.2004432445        0.2910826018E-06
    -1.711457257       -0.8908878093        0.1762346674E-04
    -3.046230907        0.9475179655E-02    0.4271260192E-04
    0.6538028128        -1.165550759        0.6259687573E-04
    -1.276635757         1.069679949        0.7070756122E-04
    -1.974467053        0.2973780458        0.5201157088E-05
    -1.824170827       -0.7074511960        0.4403287769E-04
    0.6703427857       -0.3350375390        0.8289827179E-05
    -3.336475848       -0.4073056303E-01    0.3418721166E-04
   -0.5283188779E-01    0.7848666811        0.8752988671E-05
    -1.083159011        0.2372199796        0.4228590436E-04
    -2.656458275        0.3942653977        0.3914219472E-04
    0.9758185832        0.1466152291        0.9153185128E-05
    -2.432504323       -0.5081183390        0.3627320501E-04
   -0.4335378184        0.9028885671        0.8068388999E-05
   -0.6068157273       -0.1402717821        0.4338873956E-04
    -3.133833690        0.2215632761        0.3732069920E-04
    -1.653853780        0.3481670676        0.7792963387E-05
    -3.000223968        0.1863240542        0.4247366887E-04
    -2.291363464        0.5289987572        0.4378703170E-04
    -1.760703915        0.9995987214        0.7363590564E-05
   -0.2051641850        -2.091971160        0.3004077251E-06
    -1.154944728        0.8045720957        0.1642694455E-04
   -0.7833637105        -1.568056089        0.2838852886E-04
    -1.512539597       -0.6423625896        0.4333939735E-04
    -2.174014551       -0.2681470077        0.4310473749E-04
    -3.824494262       -0.1055733099        0.2874537300E-04
    -2.626659929       -0.6186750405        0.2937943254E-06
    -1.189359385       -0.4487801999        0.1246417695E-06
    -1.269154938        0.7751561538        0.7204804610E-05
    -1.048297821       -0.2315180282        0.2777985884E-06
    -2.122705487       -0.5330995929        0.1650908499E-04
   -0.6875911678       -0.6546035598        0.3100159621E-06
    -1.308578720         1.220231782        0.5980041546E-04
    -1.151508547         1.278722012        0.5889411118E-07
    -2.269276108        0.6766491849        0.3195794503E-05
   -0.4002991877       -0.4443717784        0.3259386640E-06
    -1.587060913       -0.6979518144        0.1667775536E-04
    -2.946154143       -0.7864498029        0.3961984166E-04
    -1.367745165         1.721380384        0.7906869075E-05
   -0.4613532256       -0.3687744522        0.2906580418E-06
    -1.936613553        0.2074148849        0.1755507234E-04
    -1.813593364        0.2545197156       -0.4129288720E-07
    -1.262403341         1.760835736        0.2822775978E-07
    -2.462662446        0.7467642034        0.1659985807E-05
    -2.425262024         1.754096584        0.2800812545E-06
    -1.689137266        0.5033461024        0.1251785339E-06
    -1.337051777        0.7634347369        0.2273939846E-07
    -1.386687674        -1.299462999        0.1341825350E-07
    -2.004118649       -0.5139759847        0.3048040732E-04
    0.1787656978E-01     1.222360925        0.3018836002E-04
    -2.113496540        0.8851954602        0.3816074712E-04
    -5.425664961       -0.4190685885        0.3732808445E-04
    -2.941598710        -1.401787052        0.8285269535E-05
   -0.5813502995         1.559668844        0.2798180950E-04
   -0.7675342180         1.779277530        0.4296698591E-04
    -1.468711773        0.2003697704        0.4302274532E-04
    -2.458270926         1.348019769        0.4294809473E-04
   -0.3921331882         1.920682919        0.8017621797E-05
    -3.454965149       -0.4107767194        0.6354005741E-04
    -1.115534871        -1.059839284        0.6554308029E-05
    -2.079977971       -0.3382575322E-02    0.3863884755E-04
    -1.584648045        -1.250033767        0.4389871877E-04
    -1.820900374       -0.6194907558        0.6321811520E-07
    -1.031726857        0.4412559094        0.3893829657E-07
    -1.042567605        -1.142856854        0.3729816607E-07
    -3.061035587        0.7137320821        0.1690667240E-04
   -0.9344482891       -0.5391438754        0.4026957232E-06
    -1.610491961        0.3574079703        0.1029005361E-06
    -1.087743176        0.1075299625        0.5526736689E-07
    -2.528553739       -0.7356487567        0.6110187509E-04
   -0.4559037066       -0.7941294894        0.6322323683E-05
    -3.121746754        0.9903823172E-01    0.3781703254E-04
   -0.5833266642       -0.4495814494        0.8312551117E-05
   -0.4804263677       -0.6319912594        0.1757252733E-06
    -2.093468013        -2.213483455        0.1648230197E-04
   -0.5714264739       -0.5733328183        0.3018031982E-06
   -0.1948418376       -0.1425729928        0.1105025395E-06
    -1.921542397       -0.6524847321        0.6625337678E-05
    -2.153743136        -1.623458068        0.4315541214E-04
    -2.491754385       -0.4400549601        0.4286122543E-04
    0.6531357919         1.480253870        0.8828199081E-05
   -0.7444476726       -0.6673641309        0.4039744131E-04
    -1.671487806         1.402757098        0.6014265588E-04
    -1.423140867       -0.5403524633        0.6844718712E-04
    0.1330633579        0.3985746946        0.6071057912E-05
    -3.659351727        -1.470423886        0.5766279334E-04
    -1.031995501        0.7279275363        0.6714585074E-05
    -2.193525526       -0.3519845730        0.4218066580E-04
    -1.461120357       -0.9827021783        0.7213200474E-05
    -1.973492104         2.446460101        0.6708132079E-04
    -1.849216944       -0.9521678820        0.6712680301E-04
    -1.369767579        -2.119482246        0.5488295817E-05
    -2.185425730       -0.8258463444        0.2527664358E-06
    -3.019991629       -0.3624082685E-02    0.1723067744E-04
    0.2396890787        -1.184675541        0.5585296628E-06
   -0.6335720849        -1.377242450        0.1626260982E-04
    -1.229100221        0.4041703065        0.4143667039E-04
