    -1.067597603        -2.076741547        0.6550697115E-04
    -1.459563875         1.058852966        0.4891779660E-05
    -2.271830255        0.3703559079        0.4219230290E-04
   -0.7727209720       -0.1728550052        0.7832203185E-05
    -1.507381437       -0.9241454653        0.2606542216E-06
    0.9168812891        0.3020125761        0.1636823356E-06
   -0.3810295241         1.461956123        0.4076045766E-07
   -0.4282948999        -2.692268777        0.6382382463E-04
     1.492582101       -0.4802010109        0.6666249333E-04
    0.6136049077        0.2024548737        0.6476994164E-04
    0.2298906317        0.1283978768        0.6613667026E-04
   -0.3691614604        -1.299977061        0.5129785227E-05
   -0.2110558909        0.1258665232        0.2671896737E-06
     1.276791525        -1.123793735        0.3164017997E-09
   -0.5438372690       -0.3046037459        0.9944133368E-05
   -0.2720723495       -0.5446262277        0.4169968750E-04
    0.9674791993        -1.153970333        0.7636447080E-05
    0.2237901875E-01   -0.2784775002        0.4036395177E-04
   -0.4767233046       -0.7243714260        0.4035945099E-04
    -1.664346358         1.161474936        0.6046770439E-05
    -1.417794980       -0.5183977477E-01    0.4414458535E-04
    -1.633476653        0.2685362617        0.7077503492E-07
    -1.382374877        -1.752667481       -0.1457958862E-07
    0.6955770583        -1.560151913        0.1243095276E-06
    0.3260627449       -0.2674452118        0.7312630527E-05
    0.3538403004         2.714151050        0.2692791108E-04
    -2.053117888         1.611900954        0.3695633587E-04
    0.3468322163         1.292935124        0.8189080463E-05
    0.1072404295       -0.3849577765        0.2634414419E-06
    0.9098989196E-01   -0.4337642255       -0.4134051716E-07
     1.437707854         1.660524039        0.8561422719E-07
     1.051301957        -1.553085263        0.4590278246E-05
   -0.3110180716         1.007560097        0.4190485234E-04
   -0.1205492971        0.1486439525        0.6902866594E-05
   -0.8153720127        -1.681205440        0.4230284157E-04
   -0.7306266179       -0.8224207612        0.6014292329E-07
    -1.840846203        0.3419487912        0.4374921521E-05
   -0.7137910201       -0.8982883276        0.3035371128E-06
    -1.332167545        0.8124494641        0.1748160754E-04
    -1.235593140        0.4273517121E-01    0.4044240105E-04
    0.9627067157       -0.6731686643        0.8105129657E-05
    -2.521936487       -0.8269123683E-01    0.3550769912E-04
   -0.7682396407       -0.9872587716        0.7895211565E-05
   -0.2700639908        0.6635767284        0.2757152081E-06
    0.1036688792        0.4963627865        0.2120147445E-04
   -0.9670656473        0.4601610341        0.2475742736E-06
     1.329272620         1.112801047        0.1074049867E-06
    -1.647235476        -1.640300697        0.7038813069E-04
    -2.771846395         2.708973982        0.6721639581E-04
     1.392755419       -0.1276864669        0.7734856096E-04
    0.3244695466        0.5806035785E-01    0.6167284484E-04
   -0.4618642051        -1.231792153        0.6502466136E-04
    0.3009182189        -3.569268926        0.5689806180E-05
   -0.2277755279        0.8014909820        0.6634735194E-04
   -0.6523703502        0.9885349089        0.6423294372E-04
     1.226417372         1.757730203        0.6176610944E-05
    0.3616440951E-02   -0.1009430848        0.4134521558E-04
    0.9555988526       -0.5777792067        0.7188325208E-05
   -0.3078295832        0.6158145498        0.4176730918E-04
    -1.237499474       -0.5749977341        0.4278116556E-04
   -0.2543257750         1.082741012        0.7487310860E-05
   -0.9125337387         1.701427011        0.4267385848E-04
    -1.890415133       -0.7018000919        0.4043385817E-04
   -0.4259274105        -1.231488446        0.7769325049E-05
   -0.4930519238        -1.281887640        0.5738682262E-07
   -0.1860565226        0.6912234831E-01    0.4458261849E-07
     1.001897386         1.290277620        0.7354270032E-04
    0.7521391871E-01   -0.8603430516        0.6303621296E-04
    0.8388595513        0.1425030453        0.5475557664E-05
   -0.8709731405        0.5297466072        0.4224522085E-04
   -0.2724051182        0.8462421651        0.4324379743E-04
    0.6994337016        -1.290730818        0.7514420234E-05
   -0.2387873281        0.6666267678E-02    0.4279009109E-04
   -0.8019141249        -1.398630537        0.4241505397E-04
     1.855218286       -0.5566537239        0.8398574521E-05
   -0.1793556370        -1.350015851        0.3765135404E-04
    -1.204640324        -1.153043601        0.4248279135E-04
     1.616618955       -0.7358682789E-01    0.8573032980E-05
    0.2576961143       -0.4887600636        0.3846211180E-04
   -0.2320781762        0.3167915674        0.4178161216E-04
    0.5347441999        0.9683764570        0.6966396460E-05
   -0.2595310008        0.4742048825        0.4174932823E-04
    0.6578640334       -0.3991987862E-01    0.7105842953E-05
     2.840149184        -1.756106670        0.3773934532E-06
   -0.5272248057        0.8108980187        0.1481674631E-04
   -0.1491843770       -0.3565590654E-01    0.2772414276E-06
     1.818893935         2.777601014        0.1126766671E-04
     1.924224939        0.3870161404        0.2563088284E-06
    0.6717636240        0.3957905977        0.1593162881E-04
    -1.194537397        0.4805546473E-01    0.3794692231E-04
    0.9993036024E-01    0.6640211327        0.7677955678E-05
    0.1249845366       -0.5058041974        0.2688631405E-06
   -0.1197949656        0.7035614698        0.1772127419E-04
    -1.899801704        0.8179642746        0.3810161985E-04
   -0.9359305606        0.8923930440        0.7163055192E-05
     1.433698980         1.395679346        0.3667192719E-06
   -0.3985193403         1.993320494        0.1538329275E-04
    0.4978438222E-01    -1.604955963        0.6672758606E-04
    0.9918396783        0.9493894860        0.5794501189E-05
   -0.2533000238       -0.9385066362        0.4219913879E-04
   -0.4484409233        0.7499000969        0.6787654744E-05
   -0.6455508765       -0.1477416723E-02    0.2732997830E-06
    0.7892249235       -0.1246596109        0.1251727384E-06
   -0.7255070222         1.455887705        0.6034816875E-07
    0.1687201676       -0.2975123887        0.3036637762E-05
    -1.161319297       -0.5329545363        0.3846027936E-04
    0.2230770119        -1.607157352        0.7705090147E-05
   -0.5166551064         1.278385974        0.4229536824E-04
   -0.3537061353E-01   -0.2904545849        0.6952442479E-05
    -1.464390032        0.9087990693        0.4225615943E-04
   -0.4907180733       -0.9859076092        0.7535030199E-05
    0.2615639387        -1.354128766        0.2855729986E-06
    0.6326098001        -1.576127564        0.1223390142E-06
    0.2164103193        -1.411428563        0.7435621476E-07
    -1.327901465       -0.1330215348        0.4214112284E-05
    0.4868740130       -0.1477805514        0.3217314510E-06
    -1.776836858       -0.5836597542E-01    0.6093648331E-06
   -0.8386641299       -0.7489777890        0.2560909425E-07
    0.1210009289       -0.8934995866        0.1134922864E-06
    0.7841477128        0.4572185317        0.4335169142E-07
    0.6728714203        0.9423064605        0.2986858526E-05
    -1.139807629        0.4537839776        0.3835147132E-04
   -0.7236105771         1.764195274        0.4352454915E-04
   -0.9699592097        -1.341805180        0.6455621453E-04
   -0.5729939252         1.772316221        0.6705964176E-04
    0.9863756931         1.840707425        0.6045482959E-05
    -2.327375670        0.7805744517        0.6737888149E-04
    0.9722903634        0.6193794279        0.7352046811E-05
    0.5319912723        0.7105314307        0.4666668365E-04
   -0.2404404747        -1.979958720        0.6733946448E-04
   -0.6564737131       -0.6748093025E-01    0.6695197410E-04
     1.220969077       -0.8271597904        0.6293183622E-05
    0.5412672200         1.198363880        0.4045532203E-04
   -0.8467959421        -1.320910411        0.5812260206E-04
    0.5157503638        0.8789424870        0.5975411871E-05
   -0.7440858425       -0.5216738050        0.4187788864E-04
    0.5795807615E-01    -1.001060854        0.7089586753E-05
   -0.2413775994       -0.5455260887        0.4190436238E-06
     3.114746062       -0.7535262915        0.2129056331E-06
   -0.6999507558       -0.3669305672        0.8862692102E-05
    -2.590815496        0.4519422619        0.3752381479E-04
    0.4609866774        -1.682644321        0.8714868360E-05
   -0.4384812248         1.156348309        0.7163591262E-04
    -1.145174677       -0.1210819099        0.6595603320E-04
     1.397928952       -0.4154792623        0.6754081346E-05
   -0.7327307826       -0.9978586893        0.3752267292E-04
   -0.5052908109       -0.3978208759        0.7039770431E-07
   -0.9646831719        -1.227140832        0.4256188878E-05
   -0.4270345009        0.2496805502        0.2720159533E-06
   -0.9205819281       -0.6180494585        0.1760002166E-04
    0.1585059572        -1.120150252        0.2853172765E-06
   -0.8953686807        -1.673030186        0.1578805979E-04
    -1.585336286        -1.608930884        0.4286650403E-04
     1.827988511        -1.638772725        0.8721162369E-05
    0.6764366554        -1.599482402        0.4159742836E-04
    -1.194462895       -0.6485205584        0.3887566735E-04
    -1.494856173        -1.053954726        0.6702389395E-05
   -0.1508200494       -0.2269517687        0.3092168711E-06
    -1.972085671        0.4305603562        0.1557947772E-04
    -1.412608660        -1.211027632        0.2639791089E-06
   -0.4522307453       -0.7855081482        0.1946140810E-04
    0.2114097596        0.8018478954        0.2689639606E-06
    -1.443008312         1.933588352        0.1627349283E-04
    0.5154811029       -0.5968777137E-01    0.3923053067E-06
   -0.2024210263        -1.771762082        0.1668378856E-04
    -1.337750718         1.446986225        0.6184883321E-04
    0.9129005121        0.7202454540        0.6527735959E-05
    0.2094995010        0.3388744867        0.4312143633E-04
   -0.6237231490E-01    0.7510161831        0.6913838841E-07
    -2.291735274         1.415579832        0.3847613708E-05
   -0.8109703923E-01   -0.8967157509        0.3982256442E-04
   -0.7196916252       -0.5474570900E-01    0.6668340024E-05
    -1.263437222        0.3266226377        0.3705263110E-04
    0.4440417215       -0.8058364093        0.7756103147E-05
    -1.028699042       -0.4732351848        0.3920162922E-04
   -0.4558469775       -0.5458956864        0.4257974830E-04
    0.1361598172        -2.003370420        0.7013473060E-05
    0.1600955387       -0.2749053400        0.4282240115E-04
   -0.1406008312       -0.4589909687        0.4170540504E-04
   -0.1920788613         1.527073760        0.4270647165E-04
     1.508472593        0.3354742712        0.7865175656E-05
   -0.4033195186        0.4159265680        0.3671193768E-04
   -0.6902081301       -0.3092907485        0.4033392719E-04
   -0.7443098854         1.532198552        0.4334423010E-04
     1.446263809         1.010328816        0.8146305644E-05
    0.8072748736       -0.6544763453        0.3968674001E-04
    0.5677737302E-01     1.718772252        0.6204051592E-05
     1.351297666        -1.455966856        0.2996215712E-06
    0.8123966510E-01   -0.1360296293        0.1643552922E-04
    -1.954949917       -0.9865084155        0.3806063813E-04
   -0.4677835593       -0.4295118996        0.7681945821E-05
    -1.295304294        0.5189134229        0.4272297171E-04
   -0.2032741704        0.5518353731        0.7178617209E-05
    0.4515082695        0.5685681313        0.2816951298E-06
   -0.5944788540        0.3564739640        0.1726404386E-04
   -0.5540769766       -0.2304040206        0.4254447950E-04
   -0.6439259656       -0.9902915597        0.3492948294E-04
    -1.568634530       -0.9186867101        0.6586682370E-05
   -0.8464599553        0.8020477505E-02    0.2804497236E-06
    0.2974399401E-02    -1.763472742        0.1212770705E-06
   -0.2485672010E-01    -1.630010074        0.6791163892E-07
   -0.3060938456       -0.4837308521        0.4523228765E-05
    0.4622360232        0.6710402071E-02    0.2828196720E-06
   -0.4701502746        -1.264572295        0.1719651674E-04
   -0.3335298011E-01   -0.8439172603        0.3056283255E-06
    0.8940426230E-01    -1.091537628        0.1503075792E-04
    -1.406812547       -0.6676276953        0.2349489147E-06
     1.851939985       -0.3696251739        0.1276744813E-06
   -0.3199150377        0.6309334631        0.6325347938E-05
   -0.4929102643       -0.1170865374E-01    0.4202290570E-04
   -0.7283209903        0.9681102208        0.6790249425E-05
    -1.098166638        -1.705602365        0.6722932481E-04
   -0.7229975980        0.6574680738        0.6804070325E-04
   -0.6265621183         1.417957146        0.5089902236E-07
   -0.7328251475        0.1095002156        0.6720222556E-04
   -0.2097206654       -0.4832766632E-01    0.5471515458E-05
    0.2482682649        -1.109627532        0.2819383828E-06
    -1.604711708        0.5191160558        0.1594750347E-04
    -1.959201061         1.919515324        0.4279918936E-04
    0.7905681451        0.7021376810        0.8544004773E-05
    0.6079472098       -0.1752492913        0.2642319431E-06
    -1.854041099       -0.1125751162E-01    0.1516160674E-04
   -0.6796846456        -1.572638563        0.3005448853E-06
    0.8328115387        -1.330073557        0.1345330047E-06
   -0.6110744206        0.8101816881        0.6420130439E-04
     1.261758468       -0.4326349134E-02    0.6246515852E-05
    -1.886576045       -0.8643122469        0.3427630076E-04
    0.1697924124         1.244635778        0.6680655305E-04
   -0.2951459426        0.2094182463        0.6650859957E-04
    0.8579025220       -0.2894922193        0.5878370919E-05
   -0.3417290897       -0.3177851589        0.3852710744E-04
   -0.4120148653        0.5233696403        0.4295878885E-04
    0.1672871534       -0.4019884136        0.4286476601E-04
    0.1337134904       -0.1649001075E-01    0.6818779300E-07
   -0.7644408662E-01    0.9887051198E-01    0.5144575374E-05
    0.2686313455        0.4134874081        0.4308136400E-04
    -1.573379955         1.179092251        0.3900779245E-04
    0.3951922875         1.138103906        0.7862141507E-05
    0.4086968056        0.8044393632        0.4290736393E-04
   -0.2129009223       -0.3091463469        0.4207855326E-04
     1.561662196        0.6548922114        0.7971159598E-05
   -0.7858725650        0.1344531227        0.3633512806E-04
   -0.8458654457        0.7626193771        0.7444437048E-07
    0.8563279775        0.1596113349        0.4907157305E-05
    -2.120503466       -0.9827386593        0.3666068260E-04
     1.052499000       -0.3847484731        0.8700624539E-05
    0.3562347119        0.1436301070        0.4207004946E-06
    0.1684705457       -0.8662003854        0.2714597519E-04
   -0.6625074822        0.5325886105        0.2388432077E-06
   -0.7524692750E-01   -0.9732822362        0.1141094530E-06
   -0.2260076793       -0.1242257909        0.3485228961E-07
   -0.4022384962        0.2366298778        0.1860286293E-04
    0.3044724053        0.9407802331E-01    0.2784070748E-06
   -0.8119048265        0.2366609050        0.1606833516E-04
   -0.7166083340        0.5909418273       -0.3514410950E-07
     1.233823674         1.093642241       -0.1170424919E-07
   -0.8059140105       -0.3397451212        0.1634932493E-05
    -1.472264241        0.2598137661        0.4162306671E-04
   -0.7016704112       -0.9811277732        0.7061321256E-05
    -1.138058450         1.064954587        0.4245849567E-04
   -0.6913791383E-01   -0.4371787651        0.7551931195E-05
   -0.3907762221        -1.579217831        0.4214802175E-04
    0.2487681849       -0.6489685493E-01    0.6970426273E-05
   -0.1481163733       -0.8672048491        0.4316178588E-04
    0.1070957764        -1.862786512        0.6914238139E-05
    0.6412698146        0.7117650478        0.4334234983E-04
   -0.7651839651       -0.5689665452        0.4141026617E-04
    0.4443472386        0.5184187311        0.7564480680E-05
   -0.2612799212        0.2294753475        0.2631611688E-06
   -0.6529573877        0.4013156541        0.1585308801E-04
   -0.3397044342       -0.2024075918        0.4343411641E-04
   -0.1378941709         1.553551072        0.6880413717E-05
   -0.7244268471         1.134320943        0.4260503304E-04
    -1.159291400        -1.026733838        0.6459337115E-04
     1.218159521        0.4655219117        0.6570376294E-05
   -0.9489062863        -1.055137458        0.3735479172E-04
    0.9909983671        0.8033945828        0.3874008446E-04
   -0.6721118443E-02   -0.4393744912        0.4128643512E-04
    -1.480351218         1.149057960        0.4145845894E-04
    0.3956612220        0.4808834864        0.7858268891E-05
    0.3360864878         1.700897593        0.2732841300E-06
     1.574089548       -0.1959397366        0.1188733693E-06
    0.1489646695         1.097308662        0.7097626445E-05
   -0.7835235928       -0.9677039048        0.6579085861E-04
   -0.2227721586        -1.860479892        0.5458712230E-05
   -0.4466558300       -0.3018381694        0.4325388585E-04
     1.198539671       -0.9732437788        0.7745194815E-05
   -0.4220648146         1.170479625        0.3969919547E-04
    -1.773371736        0.8174094898        0.3899665470E-04
    -1.388870563        0.1309722442        0.7033340559E-05
     1.045678861       -0.2255997176        0.3728585125E-06
   -0.6135476236         1.331667004        0.6182804690E-06
    0.4199395902       -0.3033561929E-01    0.1662070797E-08
    0.4333438479       -0.1273514730        0.1701227667E-06
    -1.007186020       -0.7167436750        0.1115050905E-04
   -0.5163003219        -2.660744443        0.4372211642E-04
    0.3494892863       -0.7368097732        0.7467234552E-05
     1.734720436       -0.1326674393        0.3085061258E-06
   -0.9534306596       -0.1639494567        0.1505021508E-04
    -1.266965150        0.9822844206        0.4258820680E-04
    0.3446178422       -0.1417405658        0.7715322569E-05
    0.1028383683        0.7676338376        0.2929277924E-06
     2.084192231        0.4686308681        0.1321762770E-06
    0.3538873664        -1.745450116        0.6667288173E-05
     1.263873265        0.3113830674        0.2922396560E-06
   -0.1780760322E-01    -1.085610302        0.1720597349E-04
     2.409346144        0.6235662563        0.4314414366E-06
   -0.6261401722E-01    0.1027726791        0.1482741764E-04
    0.8490862970         1.847919995        0.4362051222E-04
    -1.122354782         1.217681568        0.6297872242E-05
   -0.2377643435        0.2747061955        0.4306404679E-04
    0.6085100664        0.1872060667        0.4250516210E-04
   -0.9480946119         1.075318546        0.3888826060E-04
     1.083710819        0.2096598696        0.7962172806E-05
    0.4249441293         1.948244777        0.4241013707E-04
    0.5767642113E-01   -0.8994816380        0.6399971913E-04
   -0.6321079823         1.243326355        0.6639922609E-04
   -0.3272133556       -0.5868452784        0.6776511315E-04
     1.862346626       -0.5749090349        0.6456650983E-05
   -0.1455244884         1.810014329        0.3869684863E-04
    0.2795021966         1.701541961        0.4328853556E-06
    0.5930760037        0.3118080584        0.1762722943E-06
    0.3201199100       -0.7421598599        0.7468043044E-07
    -1.077183053         1.050651766        0.4214834720E-05
   -0.7243899314       -0.4973583492E-01    0.2779157304E-06
     1.488448148       -0.6310663714        0.1173359892E-06
    0.8541523728        0.9565100613        0.7210269222E-05
     1.504015585        0.1804625567        0.2845678437E-06
    -1.017761498        0.4776424645E-01    0.1478015045E-04
    0.7077325701        0.4292622962        0.3146603757E-06
   -0.9464185942       -0.9812688379        0.1599664249E-04
   -0.1918359025        -1.108002713        0.2813897572E-06
    0.1654179571        0.9931028290        0.1780735182E-04
   -0.8144519951        0.8658876702        0.4161271605E-04
    0.2659920185        0.5053798004        0.7202103487E-05
    0.3194680120         1.265800656        0.4309584964E-04
     1.289990284         1.547095616        0.7132596491E-05
    0.2480365739        0.9360358585E-01    0.4157170563E-04
   -0.8252353092       -0.8491962414E-01    0.4183101465E-04
    -1.236254821        -1.705791585        0.6692102196E-05
   -0.2722627643       -0.2963129270E-01    0.4373427103E-04
   -0.6492049497        0.5435360165        0.4176264813E-04
   -0.4394260502       -0.8131193196        0.6884172873E-05
     2.809892075       -0.3300632695        0.4052709733E-06
    0.4782730549       -0.8516969989        0.1516681499E-04
    0.2897794902        0.2891900090        0.2919622532E-06
    -1.005357060        0.2257427596        0.1581951788E-04
    -1.512182210        -1.306497742        0.4285185730E-04
   -0.3435548605        0.3597317365        0.7613564503E-05
    0.7572356518E-01   -0.5750906659        0.2779781763E-06
    -1.974502568        -1.598295103        0.1588725893E-04
    0.3394255081        0.3970437608        0.2767754448E-04
    -1.234270629         1.441578939        0.3918438354E-04
   -0.3835088903        0.9837363641        0.7130955914E-05
   -0.2129073451        -1.173242346        0.2681382661E-06
     1.330866792        0.7251774412        0.1406395109E-06
    0.7734469845        0.5911206664        0.5377792781E-04
    0.1860097870        -2.803448723        0.7970223729E-04
   -0.1908779664        0.4405091331E-01    0.4879852740E-05
    -1.229822917       -0.7204440632        0.4089684756E-04
   -0.2944717529       -0.9225029517        0.7158522943E-05
    0.3503419899        0.6595828633E-01    0.4290183877E-04
   -0.1743762736       -0.9931746117        0.4209137260E-04
    0.4552715186         1.841650657        0.4705057312E-06
   -0.1142516777E-01   -0.9095456670        0.5923853407E-04
     1.856007628        0.2319906936        0.6162881000E-05
     1.662885942       -0.2871388999        0.2519370546E-06
   -0.7299273367        0.5693021772E-01    0.5913882246E-06
    -1.324695356       -0.1660239347        0.1694239980E-05
   -0.1475050324       -0.1403893216E-02    0.2898550315E-06
   -0.7964208374       -0.8900786491        0.1760481697E-04
    0.1838462646        -1.995437799        0.2890713870E-04
    0.5396767933       -0.6043951743E-01    0.2657153344E-06
   -0.7400253123       -0.5108456932        0.1609484663E-04
    0.4730011308        -1.223633574        0.3006620357E-06
   -0.8348823928         1.259571453        0.6665752459E-04
   -0.6841525604         1.282834786        0.5012207062E-07
   -0.5273589475       -0.3859961474        0.3436283476E-05
   -0.7559392916        0.7744092232        0.4263325418E-04
   -0.4453454155       -0.4975837763        0.6920391037E-05
     1.162345725        -1.578098448        0.3051654591E-06
    0.8607524452       -0.2298085403        0.1750055423E-04
     1.665083636        -2.534254060        0.2709868365E-06
   -0.9957868254E-01    -1.275889963        0.1608144510E-04
    0.7611774448       -0.3589367792        0.2793430239E-06
   -0.1800659349       -0.6501753713        0.1719931346E-04
    -2.835398070         1.686719232        0.7612856413E-04
    0.9065498440        -1.049612347        0.7428638231E-04
    0.3266608682       -0.4004472001        0.6591983166E-04
     1.652724223        0.8603823134        0.5916947191E-05
   -0.5255787586         2.697127408        0.3784160027E-04
    0.4570679328       -0.6627972878        0.6708625431E-04
    -2.282790648        -1.799409988        0.5992782179E-04
    -2.443472454         1.203407712        0.6717775975E-04
   -0.7944547515         1.397650237        0.6128870359E-05
    0.3946548156        0.1007595467        0.3074231554E-06
    0.2621972790        0.1898027839        0.1725884277E-06
    -1.166674087         1.161444205        0.1029587913E-04
    0.4498292499        -1.467770445        0.3066711615E-06
     3.224729502         1.097620404        0.1002103835E-04
   -0.9852127413         1.765509641        0.3319819739E-04
   -0.1014077427        0.2355439921        0.5912602561E-04
   -0.1097065665         1.035947984        0.6800017998E-04
    0.5817651141E-01   -0.1214329072        0.6737251362E-04
    -1.341984372       -0.2439329552        0.6700717970E-04
    0.6754213502        0.4950013928        0.6326770669E-05
    -1.695209520       -0.8378595603        0.3681264079E-04
     1.559096034       -0.2775530196        0.8819869947E-05
    0.2738235626        -1.312512150        0.3832886787E-04
   -0.7490955555       -0.7155163186E-02    0.4214414582E-04
   -0.9070011890       -0.5985814303        0.6796451650E-05
   -0.7515509347         1.579864646       -0.3894016782E-07
   -0.1514887294        0.8855344199E-01    0.6974229738E-05
    0.7939458990        0.9618900258        0.2789699782E-06
    -1.357955425       -0.4183310175        0.1538642187E-04
   -0.8960351857         1.219396098        0.2788630730E-06
    0.8710682053        0.6040824077        0.1208827984E-06
    0.6992930826        0.6570055182        0.7483673896E-07
    0.4772406309         1.208352856        0.7347435133E-06
   -0.4437440749        0.8982052096        0.1678573658E-05
     3.470160676       -0.1892163320        0.2241023444E-04
    0.9175369463       -0.3310297576        0.3599913621E-04
    0.3644190737        0.6341190154        0.4310557156E-04
   -0.3853335199         1.386999173        0.6316444930E-05
   -0.2419299032        0.3884650937        0.4221297793E-04
    0.5384650093       -0.1550847613        0.7138984865E-05
   -0.9558219716         1.208123155        0.3889524213E-04
   -0.4802691481        0.6975959828        0.4253697327E-04
     1.131582256       -0.5682843770        0.7744712865E-05
    0.5384822765       -0.7445637012        0.4215976047E-04
    0.8440456662        -1.240205349        0.6996885516E-05
    0.4030470284         1.272370416        0.6598311793E-04
   -0.4910898766        0.9325427209        0.6673141923E-04
    -1.142375498        0.8656396659E-01    0.6603560709E-04
   -0.1676334048         1.446416913        0.5778688200E-05
     2.210387250        -1.009226008        0.2755966139E-04
     1.143067949         1.335767273        0.6604530355E-04
     1.770530720       -0.8597171655        0.6461834303E-04
    0.2666830209        0.1002913520        0.6672718581E-04
   -0.9007255289       -0.3460148208        0.6674936747E-04
    0.3729568253E-01     2.234408326        0.5800019836E-05
    0.2194899956       -0.8860104470E-02    0.4285827121E-04
   -0.6454736831        -1.214686885        0.6207249039E-05
    0.6894119588        0.3650803132E-01    0.4344210934E-04
   -0.1926752223       -0.4656978480        0.4195021839E-04
    0.1364685460E-01    0.5765355087        0.5805422070E-05
   -0.8247342706        0.9455405342E-01    0.3923933094E-04
   -0.3002625006       -0.1726094527        0.7001576633E-05
   -0.8015151842        0.8093923346        0.4181705371E-04
     1.397598274        0.2557501890E-01    0.8132859557E-05
   -0.2593173358         1.577826573        0.3958998068E-04
    -1.597315248        0.1697212070        0.4169987949E-04
    0.6699428258       -0.9646959392        0.8166622192E-05
   -0.8307024838E-01    0.3804458808        0.4252424767E-04
    0.6104078771       -0.9515820406        0.7032425128E-05
    -2.730658443        -1.082165760        0.3558566980E-04
    0.7498980660        0.2060148831        0.5687000093E-04
   -0.4455582777         1.169682825        0.6287277043E-04
    0.9313272007       -0.3714521804        0.6017693936E-05
   -0.4818144550       -0.7877101218        0.3947545503E-04
   -0.5753703478       -0.4245464466E-02    0.5896443689E-07
    -2.600224995         1.015619954        0.3970471657E-05
   -0.6700950441       -0.8400617768        0.3274469708E-06
    -1.225891822        -1.382578162        0.1766488355E-04
   -0.4083718400        0.7638423023        0.2913487099E-06
   -0.2452015675        0.1136198262        0.1195389646E-06
    -2.220096031       -0.2277559105        0.6390544832E-05
     1.522684041        0.4274042670        0.2767463727E-04
   -0.7054835938        0.1234021265        0.3663029743E-04
    0.5233417611        0.6936851920        0.7546637180E-05
   -0.2881117576       -0.8820800935        0.4053970695E-04
   -0.2050784063        0.3781998217        0.4253367118E-04
    0.5377435742E-01    0.7208867976        0.4253516913E-06
    0.5208582862        -1.183811634        0.1442375806E-04
    -2.337494700       -0.9537614422        0.3518938756E-04
    0.1540121685       -0.5471046939        0.8185077394E-05
   -0.2101217261       -0.6456535645E-02    0.3987264152E-04
    0.5470462950       -0.3792538783        0.4341195894E-04
   -0.5208505403       -0.2987610102        0.6165514387E-05
    -2.769640610        -1.361514259        0.3818745511E-04
    0.8715424551       -0.3754640736        0.4888264677E-04
    0.6507813195       -0.9956281473        0.4272930720E-04
   -0.3606102159         1.641621863        0.5936717935E-05
    0.8126030312        0.9481501013        0.4601759357E-04
    0.4121575532       -0.1381024668        0.4284701983E-04
   -0.9008655311       -0.2320234124        0.4254875810E-04
    0.3901448160         1.667515541        0.7648121704E-05
   -0.1407015262       -0.2998265260        0.3405027976E-06
    -1.576973717       -0.5576333662        0.1001413261E-05
    0.6135669300       -0.4054769445        0.3221184473E-06
   -0.5923610239        0.7061010630        0.1628581750E-04
    -1.341768454       -0.5593561385        0.4093834199E-04
   -0.4568686774       -0.1569443134        0.7078916029E-05
    -1.639144018        0.2907748109        0.3920542367E-04
    -1.331107582        0.4423128205        0.6258062185E-05
     1.138291260         1.487310265        0.3564588950E-06
    0.4169379902       -0.2669736819        0.1706139606E-04
     1.236553893       -0.7379890834        0.2812237435E-06
    -1.968349762        0.4316293028        0.1471848551E-04
    0.9110621416         1.381445431        0.4823044490E-06
   -0.1872174130       -0.8323471735        0.6673052853E-04
   -0.4112209467         1.046567767        0.5264498941E-05
   -0.6210046836        0.9501350795        0.3907001575E-04
    0.1158035913        -1.247904704        0.7388077067E-05
     1.455126240       -0.7307110442E-02    0.3002252938E-06
    0.2979724198E-01   -0.3721182827        0.1599771360E-04
    0.3021677965       -0.4913345058E-01    0.4972179539E-04
   -0.5890436333       -0.6194188356        0.4313709698E-04
    0.4422099143         1.296612510        0.7507446987E-05
    0.9937861496E-01     1.635311936        0.4304073803E-04
    -1.221076039         1.705228429        0.3903540898E-04
     1.807399143       -0.6035429947        0.8733339498E-05
   -0.7681635868        -1.060881803        0.3651825519E-04
    0.7361791787        -1.472370530        0.7813535991E-05
   -0.3963431709E-01    0.4788658734        0.6540870859E-04
   -0.6238976686       -0.5985014058        0.6714595258E-04
   -0.2524019087       -0.6718536390E-01    0.5396802504E-05
    0.4439996088        -1.362122811        0.4293412907E-04
    0.9009537272        0.7299365968        0.8302227430E-07
   -0.4985286450       -0.1474932809        0.5180748990E-05
    0.1186693332        -1.930843721        0.2734113239E-06
    0.8005423180        -1.075126707        0.1187836637E-06
    0.5311735300       -0.7728408304        0.6632073891E-05
   -0.4742360443       -0.8907186739        0.2605595772E-06
     2.324758326         1.739224502        0.9762213193E-05
   -0.1786302437       -0.8127053178        0.6277339458E-04
    -1.376479876       -0.7103798033        0.6199457071E-04
    0.3903751537        0.6808995438        0.6105015488E-05
    -1.874602974        0.5493843413        0.3736191719E-04
    0.6327044743         1.754362313        0.8236706001E-05
    -1.939130405       -0.7550622778        0.3813625395E-04
    0.4346256128        0.5785344258        0.8204511396E-05
    0.1688663705        0.1134190900        0.2629913329E-06
    0.1090967561        0.3876840548        0.1766969638E-04
   -0.2562271767        0.9332215455E-01    0.2687784893E-06
    -1.034010602       -0.9696110227        0.1715450378E-04
    0.9416248227E-01    0.4995446438        0.2919745183E-06
    -1.337442711        0.8135988635        0.1581953716E-04
   -0.7786051598        0.1833731279        0.2864872386E-06
   -0.7007466001        -1.958917160        0.1803012481E-04
   -0.4370537984         1.428604551        0.2641151768E-04
    0.4680087183       -0.3995763377        0.2790236909E-06
    -1.107013232        0.3651689113        0.1569946357E-04
   -0.5042323277        -1.698614670        0.2554029716E-04
   -0.3448913105         1.021434673        0.6707282466E-04
   -0.9467716202        -1.581073627        0.4767238680E-05
    0.5997616570E-01    -1.098837325        0.2850309789E-06
    0.2222896621       -0.5177080760E-01    0.1117787004E-06
    -1.758701023        0.3564531892        0.6339487265E-05
     1.058974520        0.6190806827        0.4771517952E-06
    0.1505415168       -0.6903290779E-03    0.1068730822E-06
   -0.1830103171       -0.7592261144        0.7255695625E-05
   -0.9336255992         1.628813562        0.6333239330E-04
    -2.195281103        0.2501811152        0.6636948399E-04
    -1.363513625        -1.069815677        0.6993571953E-04
    -1.967225852        -3.061618041        0.6506371173E-04
    0.7420637162        0.6741180598        0.6703318259E-04
   -0.2041755213        0.1320044809        0.5025913570E-05
     1.495493476       -0.8903413631        0.3131221845E-06
   -0.6010217285        -1.181715584        0.1533806136E-04
   -0.4112822022        -2.122993276        0.2738361653E-06
    0.7700391180       -0.2017690927E-01    0.1277955517E-06
    -1.702683952        0.3728571898        0.6175359641E-05
    -1.030414893       -0.3432326411        0.2824429580E-06
    0.5674926964        0.6954312751        0.1372881091E-06
    -1.073249692         1.296856404        0.2662520164E-06
    -1.679696353       -0.5424588410        0.1852140081E-04
     1.635886653       -0.7617677920        0.7756739565E-06
    -1.044734249       -0.4688453649E-01    0.1524869470E-04
    0.5682757501       -0.5636036685        0.3500122699E-06
   -0.6871464162        -1.793496545        0.9615997110E-07
   -0.7988954390E-01   -0.4946442637E-01    0.7571587545E-05
   -0.4799545633        0.4169346167        0.4303321059E-04
   -0.2707747424         1.163149349        0.6922129165E-05
    -1.791743997        0.9209756968        0.3885107598E-04
    -1.100106489        0.3046180474        0.7139503587E-05
   -0.2274424394       -0.8339342371        0.2863373667E-06
   -0.2665742603E-02    0.5505526410E-01    0.1066583924E-06
   -0.4502489456        0.3033591791        0.7180970531E-05
     1.689203465         1.255485390        0.3510142732E-06
    -1.782960199        0.3885366854        0.1427843131E-04
   -0.1970152347        -1.317781356        0.3078460325E-06
   -0.1139863831        0.5916092699        0.1764981958E-04
   -0.4159584229        0.3283910203        0.4379873797E-06
    0.2229334579E-01   -0.8666123979        0.1767135783E-06
    0.2413480569       -0.8925180559        0.8868478677E-07
    0.3181466679        -1.163999706        0.1175743014E-05
    0.4660243972         1.688233922        0.2746510075E-04
     1.387447238       -0.8540024802        0.4358758247E-04
    0.2448996857        0.8869850593E-01    0.6057125831E-05
    -1.831399480         2.263135907        0.6694004033E-04
     1.404902912         1.152829165        0.7407420653E-05
   -0.1075319764       -0.3834568067        0.3885811136E-04
    0.2995059751        0.4123104404        0.6948017874E-05
    0.6011576927       -0.6386497075E-01    0.2803326660E-06
    0.9682222591         1.404562062        0.1118413402E-06
   -0.6234207775        0.1741672267        0.2680141191E-06
    0.7389921780       -0.5557150364        0.1343056494E-06
    0.9938066578       -0.7762284944        0.5206449457E-07
    0.3037064366        0.5661476881        0.3030793895E-05
   -0.1055160860       -0.2149765859        0.2652866042E-06
   -0.9718015749E-01    0.9043103386        0.1768371450E-04
    -1.154623950       -0.2834036572        0.4196289507E-04
    0.3188307852       -0.8461277308        0.7751379610E-05
    0.5449597133       -0.4205966433E-02    0.4339352688E-04
   -0.5862893479E-01   -0.8415653725        0.6557538860E-05
    -2.129949995       -0.5842269639        0.3731963223E-04
   -0.8454364407        0.8585010958        0.7654342306E-05
    0.5454425810        0.3747212346        0.3067561566E-06
   -0.7690188470        0.7150454931E-01    0.1621497601E-04
   -0.6016563067        -1.117687812        0.2667044946E-06
    0.5099060819       -0.8018115636        0.1250003055E-06
    -1.514334966        0.8260139967        0.6112177671E-04
    0.7783260988E-01    0.8678588790        0.6097335147E-05
   -0.8709819031E-01   -0.1837305271        0.2687616233E-06
    0.4806073882         1.624191615        0.1107896151E-06
   -0.7316715537       -0.3005736219        0.6936641142E-05
    0.9644460239        0.8764816229        0.3002478213E-06
   -0.1399840698         1.097232033        0.1730965596E-04
    -1.974962831       -0.5629407370        0.6246811910E-04
    -1.888823164       -0.5752328574        0.1073108517E-04
    -1.840535694        0.1204761671        0.4301942500E-04
   -0.2896239215        0.2697402099        0.7810490789E-05
   -0.3709783611        0.5967050778       -0.4054692627E-07
    0.2704523302E-01   -0.6418590714        0.4178145043E-07
    0.9077119122        -3.073388326        0.6797061617E-04
   -0.4583146355E-01    -1.152465621        0.6520290282E-04
    -1.430015617        0.6221318519        0.6639890505E-04
   -0.5544958808       -0.6496519152        0.6138812117E-04
     1.185920044       -0.1727158206        0.6140100244E-05
    0.9410261749        -1.111541370        0.2694696137E-06
   -0.8903489655         1.571752967        0.4786062674E-04
   -0.4294741405E-01   -0.7557984024        0.7426737223E-05
    0.5917170091        0.7208046494        0.2825661597E-06
    0.7869277803        -1.592054006        0.7779344353E-05
    0.4548758102         1.273329032        0.6608735424E-04
    0.4822572290       -0.3098460688        0.5260030534E-05
   -0.7917830252        0.1387622748        0.3911893672E-04
    0.5228795309       -0.9961203257        0.7737053571E-05
    -1.708168754       -0.2498737058        0.3784499432E-04
    0.6499770869        0.7462147395        0.8174486880E-05
   -0.3935872603        0.9352742535E-02    0.4264370949E-04
    -1.893404172       -0.1512177155        0.3878115612E-04
   -0.8398130457        0.1265137355        0.7142338774E-05
    0.7880147517E-01    0.2805427976E-01    0.4263155685E-04
    -2.053431100        -1.270674928        0.3885489696E-04
     1.180235576        0.5170121712        0.8797649972E-05
   -0.2341571180       -0.1323208206        0.3837755385E-04
    0.2605571499         1.433534120        0.6928900213E-05
    0.7974105742        -1.202450169        0.3504948565E-04
   -0.1937832551        0.3414312775        0.3989839726E-04
   -0.1485730364       -0.6894413774        0.4265959841E-04
   -0.8220175192        0.7542814358        0.4260810581E-04
    0.5207730754        -1.817305209        0.7746703599E-05
    0.3652677701        -1.534166163       -0.1106504583E-07
   -0.2427455063        -1.312697763        0.4324484669E-05
   -0.6614863471         1.425680408        0.4099562998E-04
   -0.5656278531        0.7288779885E-01    0.6841705218E-05
   -0.7795609096         2.056064096        0.2706921403E-06
   -0.1980952695        0.2419910531E-01    0.7776921609E-05
    0.6861345814E-01   -0.5341151648        0.2782382653E-06
    -1.110983169        0.8995346057E-01    0.1731385651E-04
     1.928775785       -0.5241989057        0.5357143539E-06
    -1.133671275        0.3487997934        0.1490775442E-04
    0.1114073136        0.3745057612        0.3042025780E-06
     1.128251512       -0.5586387928        0.1179849994E-04
    0.7517560228        0.2644788247        0.4217514032E-04
    0.4725709292       -0.2605506832        0.3322976913E-04
    -1.166634321       -0.2451047563        0.3844188025E-04
   -0.9645947125        0.2931711957        0.9991585307E-05
    0.6820459428         1.072930260        0.3160130860E-06
   -0.3589508396        0.4617405867E-01    0.9803666382E-07
   -0.5681745914        0.2432900336        0.7288652453E-05
    -1.467989788        0.3657293970        0.2632307199E-06
    0.2959042067        0.7324004344        0.1394399615E-06
    0.4593145777        0.4148607208        0.1156975896E-05
   -0.2293019452        0.2410056062E-02    0.4186954990E-04
   -0.1666361781        0.3300095682        0.6437809172E-07
   -0.5275951834        0.9958841905        0.7639385752E-04
   -0.2044935184        -1.027051306        0.5311036895E-05
    -1.462569950         1.763622332        0.6028362576E-04
    -1.807017525        -1.830448557        0.7092085540E-04
    -1.820802542       -0.6946791808        0.6793214144E-04
    0.8475716304        0.9574246785        0.6839426800E-05
    -1.012788124         1.324079430        0.3837689028E-04
    0.5773284374        0.7023137665        0.4679355211E-04
    0.1605194701        -1.131561950        0.5463433423E-04
     1.601985961         1.759794017        0.6021217161E-05
    -2.033389560       -0.6453364331        0.3610504843E-04
   -0.8637538531        -1.218830778        0.7206397510E-05
   -0.4506972826        -2.419384846        0.4375762348E-04
    -1.675241530        0.7920949939        0.5123624305E-04
    0.1492523379       -0.3775927988E-01    0.7881818420E-05
   -0.4544736183       -0.7571961116        0.4283645503E-04
    0.4363559788         1.872198395        0.4360897002E-04
    -1.148568461        0.4942329916        0.9345788228E-06
     1.159109006       -0.8929864362        0.3213064018E-06
     1.337023776        -1.987066939        0.1094464143E-06
    0.2753230417        -1.528397995        0.7089714984E-05
    -1.289553410       -0.4200539188        0.6583571386E-04
   -0.5685777704E-01    0.3898874726        0.5922461574E-05
    0.7032778416        0.5724357306        0.2791131363E-06
    -1.513600185        0.4311039042        0.1530201162E-04
    -1.079239487        0.1530329534        0.2805269773E-06
     1.394997764        -1.270312215        0.1380167639E-06
    0.9713068712       -0.1706022581        0.1140561265E-05
    0.2195208673        0.4047341684        0.1685945917E-05
    -1.511084971         1.023692092        0.3832841075E-04
    -1.894747166        -1.207594001        0.4216765655E-04
    0.7963533114       -0.2986192349        0.8388701676E-05
    0.8663453422        -1.170655201        0.3992780475E-04
    -1.416348881       -0.5770739662        0.3725791068E-04
    -2.013802733        0.5775529160        0.4294309849E-04
   -0.6194759170        0.5027317295        0.7727340990E-05
   -0.9533901316        0.1828202305        0.4236183221E-04
    0.1774410061        0.7819178972        0.7153498080E-05
   -0.4788033119        0.2112780466        0.2641843029E-06
    -1.472366089       -0.6040693944        0.1769681913E-04
   -0.6153855020         1.433386266        0.2843830882E-06
   -0.1639630581E-01     1.588864574        0.1196266730E-06
    0.7096814077         1.299960132        0.4247303559E-07
    -3.473655328         2.717447264        0.5675417445E-04
   -0.2136693425       -0.5834555442        0.6721913727E-04
    -1.791674523        0.5710001537        0.6272742214E-04
    -1.541178736       -0.4131225710        0.5390748241E-05
    -1.102116898        0.9553260322        0.2769904786E-06
    0.3184675958        -1.467214186        0.1264084267E-06
    -2.652483286        0.5995068654        0.6722806083E-04
    0.2205144503       -0.6230703534        0.7016592921E-05
   -0.9259005730        0.2600789153        0.4271287334E-04
   -0.9359628323       -0.2383683409        0.6177465725E-05
   -0.2519662188E-01    0.7457071138        0.4559368802E-04
   -0.6886642617       -0.9379919167        0.6278867472E-05
    0.8132614645        0.9382802702        0.3128098914E-06
    0.5148890924        0.6314068566        0.1063636611E-06
    0.2016555493        -1.518098710        0.7083491193E-05
   -0.7884962428E-01    0.4924380564        0.2615920507E-06
   -0.2320001340        0.1739237440        0.1020040195E-06
    -1.146564500        0.2597329118        0.6858445461E-05
    0.5488275872        0.6182479572        0.3084271378E-06
     1.431488953         1.233653551        0.1041800442E-06
   -0.4898486382        0.5520318937        0.6323108173E-05
   -0.4650298032         1.471640806        0.4362769628E-04
    0.7147848106        0.6906760259        0.7643337029E-05
    -1.422355628        0.4874748177        0.3782507095E-04
    -1.408419626       -0.6481510056        0.4340892026E-04
   -0.2609033914       -0.4362446299        0.7161699906E-05
     2.215131025       -0.8045285866        0.3806748300E-06
   -0.2843134938         1.398314966        0.6673174964E-04
   -0.8204633018        0.4379246371        0.5131503448E-05
    -2.084240326       -0.2053401923        0.4193650664E-04
   -0.2261758642        0.7848876982E-01    0.7988654580E-05
   -0.2868615966        0.6417570281        0.2723675871E-06
    0.8803784180       -0.7984611392        0.1153193231E-06
    0.6439264080        0.5407791218        0.7249838688E-05
    0.4798992578        0.2108483249        0.2286315621E-06
   -0.6798706251       -0.9374057173        0.1636900413E-04
    0.5841005388         1.743923974        0.2890982517E-06
    -1.230940543        0.3340357411        0.1610256988E-04
    -1.611081006        0.8264163901E-01    0.4249906890E-04
   -0.3498994192         1.714621512        0.7642622806E-05
     1.266150920        0.3023588948        0.3213523609E-06
   -0.2392456232        0.7047573866        0.1578316950E-04
    -3.203568082       -0.8529418602        0.3599589510E-04
    0.3790682898E-01   -0.9767069047        0.8742244021E-05
   -0.9557458324        0.4311469325        0.2487474508E-06
     1.602696466       -0.4365466213        0.1305433656E-06
    0.9258942301E-01   -0.1402538831        0.7155954669E-05
    0.3864530501       -0.6928326827        0.2788366189E-06
   -0.3432766465       -0.7290214800E-01    0.1810992787E-06
   -0.3913500981       -0.2746924650        0.5432684784E-07
     1.553089820        0.3043188662        0.8023486372E-07
    0.8296121183         1.888302024        0.1162785180E-04
    -2.304634125        -1.291512603        0.3740907452E-04
     1.457771294       -0.4719075591        0.8815241990E-05
   -0.8512096552         1.746451932        0.3841630955E-04
    0.1369462780E-01    -1.577887118        0.5305685865E-04
   -0.3269097994E-01   -0.5929161477E-02    0.6718682703E-04
    -1.425633431       -0.7841610416E-01    0.6608717500E-04
    -1.418951989         1.186934130        0.6688956168E-04
   -0.2993193659E-01    0.2885932853        0.6021748706E-05
     1.016200882        -1.071728631        0.4592393407E-04
   -0.4549297807        0.2592921919        0.3977971128E-04
    -1.309457187        -1.931547944        0.6126514034E-05
    -2.344788001         1.090850006        0.6175732221E-04
   -0.7895904469       -0.9092785023        0.6085572042E-05
   -0.2188971181       -0.8614345501E-01    0.2771428036E-06
    0.4594574833        -1.126255789        0.1216888108E-06
   -0.3999572340E-01    0.8144351496        0.7204327561E-05
    -1.150554150         1.057518154        0.3914455176E-04
    0.5530637434E-01    -1.251235226        0.7671623266E-05
    0.8416478021       -0.6085722283        0.4298008971E-04
   -0.3918789878         1.676934915        0.5871197572E-05
   -0.9995371476        0.3191618380E-01    0.4090573543E-04
    0.7179761846       -0.4671455564        0.7932156360E-05
     1.478564693       -0.6516434108        0.4159697518E-04
   -0.8363376557         1.952105422        0.6222076037E-04
   -0.4650893054        -1.074637776        0.6696285397E-04
    0.4759644767        0.1471259054        0.5765966831E-05
    0.7603578449         1.205796745        0.2746259144E-06
    -1.655292341       -0.7662658065        0.5435855013E-04
   -0.3645952318       -0.5236303996        0.5932365657E-05
    0.4796944683        0.7628802701        0.2920171746E-06
     1.103141249        0.1451296865        0.1148409136E-06
    0.3116384516         1.902715343        0.7006231564E-05
   -0.1126761362        0.9712558216E-01    0.2489557850E-04
   -0.5968541941        -1.561944527        0.4216744224E-04
   -0.4235915847         1.024349766        0.6665234924E-04
    -1.615125720       -0.2042770231        0.6621297360E-04
    -1.550705409        -2.086979348        0.6791030313E-04
   -0.5535270210        -1.696619869        0.5558729910E-05
    0.3803013513        -1.484753296        0.2834654051E-06
     1.644112676        0.4035402954        0.1159700503E-06
     3.030640806       -0.4573546734        0.5719861195E-07
    0.8712854018E-01     1.200006332        0.6641836423E-04
    0.2477976479E-01   -0.4867742805        0.6793767629E-04
   -0.4278987426        0.3726340200        0.6731497420E-04
   -0.6195688989        -1.439630229        0.5225030963E-05
     1.052064232        0.7779324007        0.3145699287E-06
   -0.8894933053E-01     1.982534002        0.6415431927E-06
   -0.7688266862         1.991638956        0.1697196875E-08
   -0.2991655193       -0.3841593865        0.1764329787E-04
    0.2486086237        0.9447441312        0.2767855558E-06
    -1.005073176        0.4446145125        0.1625152034E-04
   -0.4794534336       -0.9150031390        0.2665467946E-06
   -0.3180849087        0.2379928965        0.1086000982E-06
    -1.204619891        0.2817545794        0.6956180121E-05
    0.4287918555        0.3312657101        0.3005389045E-06
    0.3943581480        -2.406392880        0.7386744446E-05
   -0.4084454526       -0.9300373664        0.4149576318E-04
    -1.658085473         1.885752786        0.6578324686E-04
    0.8560502723       -0.2612362371        0.6757657379E-05
    0.8041905564       -0.6230955823E-01    0.4206946701E-06
    0.9163416249E-01   -0.9938779129E-01    0.2738047237E-04
    -1.258605393        0.5603410545        0.3875205612E-04
   -0.1409902144        -1.913413213        0.7602126748E-05
   -0.7933088526        -1.888773034        0.4252096744E-04
    -1.763830225        0.8905279083        0.4229785933E-04
   -0.4892125305         1.093113959        0.7613498746E-05
    0.8138710217        0.4174321615        0.3058937114E-06
     1.464310636        0.6374567450        0.1217002075E-06
    0.8609234123       -0.4190656617        0.4402544000E-07
    -1.830140953        0.7410555098        0.2566999973E-05
   -0.7167409281        0.3106394169        0.4256164256E-04
     1.009627559        0.2208368993        0.7711510934E-05
    0.5568305985         2.305989823        0.4229938573E-04
   -0.6589363671E-01    0.4250016378E-01    0.4256324464E-04
   -0.1963033341        0.1277746650        0.7576082977E-07
    0.4224941336E-01    0.5997379998        0.1794540282E-06
    0.3257364066       -0.9027197653        0.7842212245E-07
    -1.372813600        0.2984864533        0.4242718629E-05
   -0.3200746251        0.1421444188        0.4601653553E-04
    -1.322926598        0.1536215045        0.6520808888E-05
    -3.404002968       -0.3609737702        0.3733876351E-04
     2.206338959        0.4575993390        0.7570744630E-04
   -0.6636555118        -2.843228681        0.6543337696E-04
   -0.8976321185        -1.482652252        0.6101502322E-04
     1.827649092       -0.8735073405        0.6854762915E-05
    0.6108537260         2.363643703        0.6659571574E-04
   -0.6938699291E-01     1.198445673        0.6422307144E-04
   -0.7229652931        0.1063400322        0.5161446871E-05
    0.2389543573        0.4133808498        0.2861560494E-06
   -0.2727770212        0.9815333814        0.1726277359E-04
    0.3592753225       -0.5718886448        0.2736979888E-06
    0.1207210754        -1.913734012        0.1722240186E-04
    0.2819180459         1.655721879        0.6567523800E-04
    -1.200679056        -1.349143203        0.6721241379E-04
   -0.8944413454        0.5002388999        0.5367339000E-05
   -0.7834434675         1.875936586        0.4295202150E-04
    0.3289218478        0.6879177532        0.7613044396E-05
   -0.4642102593       -0.6740706579        0.4293117108E-04
   -0.7486485278        0.8930445767        0.6778253693E-05
   -0.1240818535E-01    -1.129595126        0.4300628916E-04
   -0.4766104019       -0.5435664815        0.1364274541E-07
   -0.1193050698       -0.1818230413        0.5070979623E-04
    0.3595729276        0.6587710699        0.6893810523E-05
   -0.7478962069       -0.9587394827        0.4136497102E-04
   -0.9367967021E-02   -0.2756040205        0.6976486433E-05
    -1.254769627        -1.690963802        0.6817371215E-04
    0.3661737912        -1.159694582        0.6116961606E-05
   -0.7732030669E-01   -0.4678694328        0.2534485921E-06
   -0.4500624027        -1.186657434        0.1747643106E-04
   -0.9875757664       -0.1546117962        0.4190945118E-04
   -0.5085031728       -0.5826202891        0.7022658520E-05
   -0.7454614876       -0.4026019497        0.4289248455E-06
    0.4038757050       -0.1113429543E-01    0.8990913792E-08
    0.4999074160       -0.5869077083E-01    0.1095447109E-06
    -1.474007310        0.7886313544        0.6426423007E-05
    0.4659932343        0.2987861806        0.3421441176E-06
   -0.5797901996        -1.936246900        0.1716869513E-04
    0.1506215441        -1.245827915        0.2747863448E-06
   -0.9974166366       -0.7635103182        0.1321328617E-07
     1.565040710       -0.6846813005        0.1090219031E-07
    0.3159278861        -1.806878267        0.1041245662E-05
    0.9590453783        0.4125362712        0.2946556617E-06
    0.4196256251        -1.384595945        0.1762609016E-04
    0.3552309708        0.4566484905        0.2594018704E-06
   -0.2531813321E-01   -0.9028370229        0.1713671607E-06
   -0.4674105080E-01   -0.1343420106       -0.9854318328E-08
   -0.3001707812       -0.5105468726        0.1786727419E-06
    0.5537394925        0.6545306178E-01    0.1214989846E-06
    0.8524989219       -0.2305812149        0.6038490043E-07
     2.097963666        0.9173413806        0.1935770220E-07
   -0.8669737780        -1.558826081        0.2736292361E-04
     2.643326725        -1.483791189        0.8837929236E-06
    -1.678886497        0.8819203976        0.6726380930E-04
   -0.1834348918        -1.308815692        0.6002998801E-05
    0.4334473218        -1.935905424        0.4278139518E-04
   -0.5927097941         1.790327428        0.6565089988E-04
    0.6023156309       -0.1648732204        0.5887324433E-05
    -1.728344071        0.7543170228        0.3689383741E-04
    0.2157713692       -0.7380828715        0.7916489723E-05
    -1.938448854        0.5959778525        0.3834951568E-04
   -0.2598536412        0.9069854523        0.4707263570E-04
   -0.4608757355         1.328829680        0.6334385243E-07
    -1.503837657       -0.3372771738E-01    0.4341114507E-05
     1.822394712        0.7165895850        0.3844263672E-06
   -0.3795309645        0.2495127493        0.1533985378E-04
   -0.8667264353       -0.5178881012        0.4136158637E-04
    -1.532724490       -0.3383954532E-01    0.3732890301E-04
    0.7061894313        0.5862579313        0.8094969534E-05
    -2.269322445        -1.038816414        0.6341948426E-04
    0.1643174147       -0.7591950970        0.6529902085E-05
   -0.5065451228        0.4499955099        0.4194603487E-04
     1.139397458       -0.3477018818        0.7716922179E-05
    0.4235056213       -0.9816692680        0.4137893528E-04
   -0.1972778422        -1.014627604        0.3992921260E-04
   -0.4084648407       -0.5214332025        0.4299857180E-06
   -0.3189159261       -0.8596380667        0.1108725955E-05
     1.171054423       -0.2179553114E-01   -0.2481450044E-08
    -1.222736024       -0.9521923684        0.5927891576E-04
   -0.7021967072        0.8392968175        0.6724233171E-04
    0.8868946433       -0.1836925172        0.6114641242E-05
   -0.5926731429        0.1353338511        0.3911996153E-04
    0.4592367064E-01   -0.8071100810        0.7073279659E-05
   -0.6676264599       -0.2052386678        0.4342665802E-04
    -1.930787712         2.291734290        0.5892796018E-05
    0.2715995398        0.2034734273        0.3500495528E-06
    -1.880579444        0.9840264715        0.1549641100E-04
   -0.3723237418E-01    0.7954444187        0.3614852000E-06
   -0.9440440478       -0.1455212725        0.1727715874E-04
   -0.4812598962       -0.6559857728        0.2786801060E-06
   -0.2684516405         1.949870398        0.1082959636E-06
    0.7465736634E-01   -0.7152086514        0.6814228213E-04
    0.4488529715       -0.2469275605E-01    0.6661360239E-04
    -1.506714638       -0.9001207556E-01    0.6719122577E-04
   -0.5761934628       -0.1529880839        0.5556861849E-05
   -0.6097761767        0.1817308912        0.1149658761E-07
    -1.078216943         2.280492203        0.6686680853E-04
    0.7267221609E-01    -1.432156538        0.6700631028E-04
   -0.8801691202        0.4336323028E-02    0.6352099293E-04
   -0.4303915686       -0.8622334124        0.5416192524E-05
     1.341882125        0.9070912857E-01    0.3088252552E-06
    0.3882331024        0.2057864673        0.6423811230E-06
    0.5732998044E-02    0.6998445680        0.1271548431E-07
   -0.2925837863        -1.270274179        0.6525505603E-04
   -0.7316775102         1.038927172        0.6673470796E-04
   -0.4387400203        -1.166561769        0.5306859194E-05
   -0.2296169136E-01    0.2086223222        0.4333015725E-04
    -2.805911364        0.6488730823E-01    0.3647866725E-04
    0.1579396951       -0.6984685032        0.8558991596E-05
    -2.945407202        0.6193354634        0.3660128666E-04
   -0.6622181388         1.584786949        0.8217467676E-05
    0.7057138993        -1.266597817        0.2881952369E-06
   -0.9938731270E-01    0.6368247163E-01    0.6927810247E-06
    0.3241169303        -1.553354792        0.2779781235E-06
     1.401094588        -1.393697061        0.1136544786E-06
    -1.406043990        0.5359895200        0.6265854256E-05
    -1.023772802       -0.5498284269E-01    0.4298990062E-06
    0.3380123212        0.2495273467        0.1925965340E-06
    -1.311241285        0.1236634582        0.1011595087E-04
    -1.470103652       -0.7942832370        0.4061161497E-04
   -0.9449061412        -1.757859897        0.7031016002E-05
     1.307459039        0.3678024351        0.2333786675E-04
    0.7906486141E-01   -0.3080454782        0.2354731693E-06
    0.8469846954       -0.6621358982        0.1201776357E-06
    -2.235849751        -1.365073316        0.6751229273E-04
    -2.967847636       -0.3779390527        0.4954166734E-05
    0.3053181221E-01   -0.1977402932        0.3830958618E-06
    0.1622885659        0.7037178671        0.3302500486E-07
    0.3030445164        0.4788162530       -0.3254231181E-08
     1.441917634       -0.7655985881        0.2157456963E-07
     1.664260268        -1.316506379        0.1275248045E-07
    -2.343254504         1.058070453        0.5877788164E-04
    0.4471285101E-01    0.8866585839        0.6535990897E-05
   -0.6130270573E-01     2.245488693        0.2734753881E-06
    0.9769749287E-01    -1.066895566        0.6562210550E-04
   -0.1082950348       -0.8569525957        0.6449056029E-07
     1.210676455       -0.2176245815        0.1504390201E-07
     1.211830423       -0.4712514035        0.9528867753E-06
     1.206022424        -1.896666273        0.2746451529E-06
    0.5415356917       -0.1012241504        0.1716986974E-04
     1.455941065        -1.404480717        0.3102672646E-04
    0.3410111209        0.6515060271        0.6582890586E-04
    -1.400994427        0.9717099592        0.6107239014E-04
    0.2517561431       -0.9662256697        0.6083475336E-05
   -0.3926271408       -0.1744913125        0.4271668962E-04
   -0.1481280263       -0.1833415542        0.8555742493E-05
    0.4173364809         1.340193202        0.4316257389E-04
   -0.2655644616        0.8025765499E-01    0.4173555234E-04
