0.8847278469E-02 0.3661748247E-03
0.8728484442E-02 0.3636098184E-03
0.8417601865E-02 0.3503082363E-03
0.8898186813E-02 0.3667041124E-03
0.8490409280E-02 0.3559645000E-03
0.9557956758E-02 0.3876017606E-03
0.8778831525E-02 0.3654992887E-03
0.9396976783E-02 0.3781210857E-03
0.9649891212E-02 0.3933867621E-03
0.9396806554E-02 0.3830055209E-03
0.9480822593E-02 0.3853831509E-03
0.8802001818E-02 0.3638262947E-03
0.9185412572E-02 0.3776787062E-03
0.9743757644E-02 0.3914708546E-03
0.8811609821E-02 0.3654037383E-03
0.9062502183E-02 0.3703664278E-03
0.9548121624E-02 0.3880459443E-03
0.9396358088E-02 0.3842770031E-03
0.9077994255E-02 0.3725594025E-03
0.8289278728E-02 0.3505905664E-03
0.8683453546E-02 0.3592755975E-03
0.8600726376E-02 0.3584542728E-03
0.8633195069E-02 0.3581356921E-03
0.9349529682E-02 0.3835814400E-03
0.9018935960E-02 0.3709306357E-03
0.9338763687E-02 0.3839966314E-03
0.8527852647E-02 0.3539740708E-03
0.9155082790E-02 0.3772908792E-03
0.9054848879E-02 0.3719385087E-03
0.8967832279E-02 0.3696703104E-03
0.9908871800E-02 0.4004628223E-03
0.9567847906E-02 0.3888146875E-03
0.9158916763E-02 0.3725024216E-03
0.8932293650E-02 0.3692851645E-03
0.8785642326E-02 0.3653192695E-03
0.8675064668E-02 0.3611045029E-03
0.8620162445E-02 0.3567095417E-03
0.8888395350E-02 0.3675460473E-03
0.8714186397E-02 0.3621559780E-03
0.8767255682E-02 0.3632903778E-03
0.9628297693E-02 0.3899568326E-03
0.8188943557E-02 0.3446143697E-03
0.9075345855E-02 0.3717685364E-03
0.8871614498E-02 0.3675809233E-03
0.9296641936E-02 0.3781564099E-03
0.8508151100E-02 0.3552983801E-03
0.9674885341E-02 0.3928112133E-03
0.8563614700E-02 0.3578286214E-03
0.8149681566E-02 0.3428618754E-03
0.9707197810E-02 0.3956745162E-03
0.9274840522E-02 0.3785397129E-03
0.8955821368E-02 0.3687874843E-03
0.9135473595E-02 0.3753580135E-03
0.9145461681E-02 0.3742768772E-03
0.8896940695E-02 0.3663011909E-03
0.9560615225E-02 0.3875509301E-03
0.8982727294E-02 0.3693605930E-03
0.9576920472E-02 0.3890002844E-03
0.9210698457E-02 0.3770660189E-03
0.8782609571E-02 0.3621749829E-03
0.8876307731E-02 0.3679812793E-03
0.9004418617E-02 0.3721158749E-03
0.8542333135E-02 0.3533400517E-03
0.8874222290E-02 0.3665260762E-03
0.8865852634E-02 0.3653923860E-03
0.9033185166E-02 0.3722552781E-03
0.9315601917E-02 0.3825856975E-03
0.9433332032E-02 0.3833655123E-03
0.9526025540E-02 0.3874142601E-03
0.8714867275E-02 0.3624037745E-03
0.9208344003E-02 0.3768429184E-03
0.9139304850E-02 0.3777361186E-03
0.9271191597E-02 0.3782172979E-03
0.8966186262E-02 0.3692501734E-03
0.9692405966E-02 0.3931594094E-03
0.9084326794E-02 0.3726535508E-03
0.8652938162E-02 0.3591191804E-03
0.9737103231E-02 0.3960918935E-03
0.9165045920E-02 0.3739374260E-03
0.9046875618E-02 0.3709570668E-03
0.9330840203E-02 0.3804902759E-03
0.8988426031E-02 0.3714649700E-03
0.9364308911E-02 0.3815183335E-03
0.1039345934E-01 0.4151274812E-03
0.8930053923E-02 0.3681395938E-03
0.9128854717E-02 0.3758307390E-03
0.9916051281E-02 0.4018572906E-03
0.9692019071E-02 0.3949147868E-03
0.9408795085E-02 0.3870506770E-03
0.8687207240E-02 0.3618752861E-03
0.9052170268E-02 0.3738297253E-03
0.8962930984E-02 0.3745836826E-03
0.9158623488E-02 0.3762679988E-03
0.8784422367E-02 0.3616147472E-03
0.8882698433E-02 0.3648493736E-03
0.9869456586E-02 0.3974042263E-03
0.8821134221E-02 0.3654386023E-03
0.9353716637E-02 0.3795689466E-03
0.9579123470E-02 0.3917471150E-03
0.9426200967E-02 0.3824017880E-03
0.9216926867E-02 0.3753788890E-03
0.8900290030E-02 0.3663258039E-03
0.9531300059E-02 0.3836624940E-03
0.8832342014E-02 0.3691156795E-03
0.9276981053E-02 0.3793283804E-03
0.8764720739E-02 0.3614182609E-03
0.9054123377E-02 0.3749044158E-03
0.8983012518E-02 0.3700137022E-03
0.8887669043E-02 0.3667795146E-03
0.8838206775E-02 0.3625183825E-03
0.9152713061E-02 0.3738527223E-03
0.9331422642E-02 0.3809673089E-03
0.9354070199E-02 0.3809487596E-03
0.9294846207E-02 0.3787104286E-03
0.8828463105E-02 0.3605162728E-03
0.9031647277E-02 0.3753762920E-03
0.8348621119E-02 0.3496490919E-03
0.8728739647E-02 0.3633812290E-03
0.9159506180E-02 0.3780024485E-03
0.9222264097E-02 0.3840706959E-03
0.9506456164E-02 0.3885653973E-03
0.8521799465E-02 0.3553924511E-03
0.8854695471E-02 0.3654284254E-03
0.8789250504E-02 0.3628594300E-03
0.9024178203E-02 0.3692640289E-03
0.9459208388E-02 0.3865266317E-03
0.8385637804E-02 0.3482395585E-03
0.9109406597E-02 0.3734237552E-03
0.9458100350E-02 0.3837878786E-03
0.9028545650E-02 0.3693543263E-03
0.9038985724E-02 0.3701073899E-03
0.9527505484E-02 0.3885584100E-03
0.9464500910E-02 0.3851618305E-03
0.8757785212E-02 0.3631406346E-03
0.9553662381E-02 0.3882914600E-03
0.8829521330E-02 0.3668193049E-03
0.9181419011E-02 0.3786514281E-03
0.9141163043E-02 0.3761080200E-03
0.1053315848E-01 0.4204392234E-03
0.8716245243E-02 0.3639991857E-03
0.8232756522E-02 0.3434181867E-03
0.9282967980E-02 0.3798115235E-03
0.9060934801E-02 0.3705640489E-03
0.8723350935E-02 0.3614862335E-03
0.9789811700E-02 0.3968662721E-03
0.9041314448E-02 0.3720537003E-03
0.9003715874E-02 0.3691202139E-03
0.9013703226E-02 0.3711768350E-03
0.9098753875E-02 0.3735541902E-03
0.8792932120E-02 0.3634415643E-03
0.9158418348E-02 0.3752321492E-03
0.8772375329E-02 0.3618810628E-03
0.8824893047E-02 0.3647451148E-03
0.9847369884E-02 0.3974582886E-03
0.9419813172E-02 0.3814149063E-03
0.8798780795E-02 0.3626040573E-03
0.8639539974E-02 0.3570966681E-03
0.8854306372E-02 0.3683764294E-03
0.8805172008E-02 0.3627137501E-03
0.8701340416E-02 0.3605881839E-03
0.9343399317E-02 0.3787705628E-03
0.9344619140E-02 0.3817351793E-03
0.8425554261E-02 0.3517231805E-03
0.9044061751E-02 0.3761725157E-03
0.9058716703E-02 0.3720552039E-03
0.8631738411E-02 0.3604842180E-03
0.9424244222E-02 0.3817036994E-03
0.9491467727E-02 0.3873500628E-03
0.9003822399E-02 0.3704214226E-03
0.8442316965E-02 0.3506921404E-03
0.9251558389E-02 0.3760255365E-03
0.8933330512E-02 0.3694243921E-03
0.8788205569E-02 0.3637250885E-03
0.9259108319E-02 0.3791684908E-03
0.8734161178E-02 0.3634009511E-03
0.9117635570E-02 0.3724551209E-03
0.8987680393E-02 0.3726391620E-03
0.9288816526E-02 0.3811872650E-03
0.9262235067E-02 0.3787812433E-03
0.9274195495E-02 0.3788130099E-03
0.9662904415E-02 0.3984875139E-03
0.8867436853E-02 0.3661590080E-03
0.8961665652E-02 0.3667609094E-03
0.9161579188E-02 0.3706415945E-03
0.9732117292E-02 0.3970984070E-03
0.9771997457E-02 0.3924153697E-03
0.9262425969E-02 0.3780610801E-03
0.9802627877E-02 0.3969142704E-03
0.9078500926E-02 0.3758243423E-03
0.8340319392E-02 0.3511997493E-03
0.9066378544E-02 0.3742829366E-03
0.8823766008E-02 0.3622991471E-03
0.9092277201E-02 0.3730839448E-03
0.9492634821E-02 0.3864114981E-03
0.9046801331E-02 0.3706204597E-03
0.9159699208E-02 0.3754690779E-03
0.9123669596E-02 0.3734812182E-03
0.8734918737E-02 0.3606422199E-03
0.8645556514E-02 0.3610841660E-03
0.8902182763E-02 0.3678706593E-03
0.9226993384E-02 0.3760957374E-03
0.9067495429E-02 0.3725884617E-03
0.9352735476E-02 0.3859966408E-03
0.9244284096E-02 0.3797579659E-03
0.9127756586E-02 0.3731517240E-03
0.9097520006E-02 0.3712103772E-03
0.8497247348E-02 0.3550455301E-03
0.9828936021E-02 0.3990863424E-03
0.9012342598E-02 0.3702342549E-03
0.8895494671E-02 0.3681293438E-03
0.8738570187E-02 0.3636099768E-03
0.8656626684E-02 0.3633778080E-03
0.9092795715E-02 0.3737381835E-03
0.8874447098E-02 0.3661536779E-03
0.9009063754E-02 0.3694884074E-03
0.9106891913E-02 0.3754838209E-03
0.9341226767E-02 0.3807408696E-03
0.8565536202E-02 0.3568713506E-03
0.8622422814E-02 0.3580218253E-03
0.9551474984E-02 0.3860432371E-03
0.9443549157E-02 0.3843061668E-03
0.8567961727E-02 0.3556495314E-03
0.8965578270E-02 0.3723650422E-03
0.9456192502E-02 0.3840458195E-03
0.8992645929E-02 0.3694558421E-03
