     4.920578604                 0        0.4605248511       -0.2742272007        0.3195065632E-01     11.11112833        -2.635361672        -7.136298922         8.950117080    
     4.019735066                 0       -0.3846479144        0.2426334970        0.1333551366E-01     13.56793145        -11.31659005         7.568620671        -2.616965268    
     2.350669415                 0        -2.425281976       -0.5758984313         1.676402352         13.60723732        -12.67665591         12.96945659        -7.426873246    
     5.008932460                 0        0.1318509016        0.8517832369        0.6863594788         15.95362864        -17.20901094         12.77273321        -8.532793737    
     3.819485937                 0         1.471859137        0.1628137689         3.739435976         13.17947954        -10.80366793         7.505563237        -3.898609134    
     3.750621030                 0        -1.049440779       -0.3287921905        0.5581504927         10.50360495        -5.753346449         1.922899151        0.3539480414    
     4.300721590                 0        0.3419475328       -0.7285417516        -2.647184993         9.881753023        -5.436259044         1.360293478         1.142334180    
     5.566857000                 0        0.5794564189       -0.3853797457        -2.413453566         5.347408271        0.5983571910        -6.493013169         6.571053717    
     3.539680035                 0        -1.454774174        0.2026049800       -0.7584891853E-01     9.303325392        -7.049792295         5.356183075        -3.153919734    
     3.861556115                 0        -1.268108497         1.457019393       -0.4470420916         11.49632858        -10.86606103         10.44497317        -8.472675367    
     5.825862658                 0        -1.102444381       -0.7553431172        -2.117247317         10.09305553        -5.921962834         2.191272744        0.4186461267    
     4.915396379                 0        0.1688504575       -0.8082413800E-01    -3.344982243         5.543952589         3.425809884        -10.13233414         8.729927036    
     4.814674591                 0       -0.8294285184         1.461973551        0.6162822726         10.59938497        -6.997367440         4.446210119        -2.678709750    
     3.966687146                 0        0.1866929205       -0.8963282433        -1.187107908         12.83852696        -10.39859316         6.962780712        -2.722387180    
     3.799079667                 0       -0.9860056698         1.370261771        -3.443663014         8.459301987        -2.706647896        -1.727800373         3.242895274    
     5.222883133                 0        0.4879955914        -1.217391499         1.041656289         14.54108299        -12.17909705         6.785867422        -3.655087369    
     4.063845185                 0        0.3405215473       -0.5095823566        -2.756058967         9.323319755        -5.242927884         2.711033517       -0.8427065508    
     5.282800080                 0         1.593165174        0.4507423274        -2.885637646         12.27997186        -7.268106632         4.371086187        -1.833474497    
     4.184962383                 0        -1.285491651       -0.3585026509E-01     2.619688157         17.70317601        -19.10159383         16.44561872        -7.626403234    
     5.605387938                 0         2.027496998        -1.134940960        -4.331175554         5.860822637       -0.4131145594        -2.167489556         2.015091687    
     5.067575378                 0         1.645585610       -0.8097087750E-01    -1.759438304         11.61244714        -8.373009703         4.479902281       -0.9019735190    
     4.439144259                 0        0.6248731367        -1.116485534        -5.079929349         4.565708240         4.154392080        -8.847633001         7.158324385    
     4.692913056                 0        0.1272391288       -0.8083414378        0.6859842275         11.46310408        -8.759752646         6.860401300        -5.052954443    
     6.313008024                 0       -0.1527426938        0.4497883617         2.987295055         15.86010283        -12.79964078         6.570025214       -0.9144642112    
     5.273663778                 0       -0.2511415674         1.595860851        -3.448470801         7.204871095        0.1355301446        -5.155007735         5.050523085    
     4.710462669                 0       -0.7322280503       -0.5058017913         2.036350708         13.85306883        -12.21588013         9.777202274        -6.600811566    
     3.511374215                 0       -0.4171295564       -0.1719718637        0.4416665477         14.09049596        -12.20498286         9.336034628        -4.629013088    
     1.705037898                 0        -1.123989432       -0.1226988274E-01     3.151725466         19.49690045        -23.81610692         24.14143940        -14.29993675    
     5.569056859                 0         1.544415000        0.9337179772        0.1149797325         12.76550034        -6.590798197        -1.648701413         5.001893068    
     3.624616140                 0        0.3289735974        -1.779825666         3.052120639         20.00936364        -22.82835870         20.93286623        -11.41455974    
     4.168023490                 0        0.2452927173        -2.637451644        -6.187509488         3.776211123         6.928298867        -14.33790621         11.71387162    
     4.729478975                 0        0.4803379186        -1.693541725         1.384947989         12.39905501        -9.518561804         6.424883476        -3.572088980    
     1.868614563                 0       -0.2424818251        -1.296647454         4.201410093         30.30142039        -41.53508717         41.89920763        -21.31799402    
     3.774278435                 0       -0.5816694318        0.5750674717         3.609022544         22.10800406        -28.38711596         28.38469711        -16.13806402    
     4.724421852                 0        0.3801516463        0.1882517770         5.223584992         20.97247328        -24.24476388         20.49950747        -8.557018934    
     6.202698836                 0         1.140419512        -1.697341394        -1.041100139         11.73608998        -8.893625231         6.060845772        -2.523470125    
     5.549588841                 0         2.314039783        0.5387544979         2.783572517         14.97621987        -11.50334162         5.610604457       -0.4946858556    
     3.881057815                 0       -0.4729970101        0.7852555627        0.8394577496         17.54711652        -19.07683101         13.25141345        -8.293367519    
     4.459461371                 0       -0.3331578363       -0.2297877464        -4.472528991         3.412750126         8.643991233        -15.75206527         11.87839895    
     3.996576968                 0        0.1938264069       -0.6018062439         3.587901846         20.44037601        -24.92489517         25.06013032        -15.04355560    
     3.599840393                 0       -0.9533262254         1.054094978        -5.375221172         7.832961182        -5.674024870         5.550725879        -3.352034595    
     4.360486371                 0       -0.3848101814        -1.228937902         1.232293967         16.40626923        -16.41658879         12.92746761        -5.646542572    
     4.411940552                 0        0.5810377733         1.849992860         3.135187597         18.50356483        -19.81864221         16.68526387        -8.090194027    
     4.848231165                 0         1.153111242        0.6918458607       -0.4434521549         7.930059166        -1.861384101        -1.895054951         3.154428655    
     3.144837818                 0        -2.263599121       -0.9426453717        0.7649107020         15.42981674        -15.52132056         14.51682605        -8.557309196    
     4.234103227                 0        0.9220594055E-01   -0.4350484586        0.9127605726E-01     12.86832386        -8.810963719         3.687393274       -0.7170314091E-01
     4.046753892                 0        0.5347865431         1.014169446        -5.660117343         5.563981178        0.2011531004        -1.912554070         1.236350486    
     3.586421378                 0       -0.4048083784        -2.421401472        -3.485168266         7.264299394        0.1233120318        -3.603101593         3.926990966    
     4.691970574                 0       -0.1452147959       -0.7868410543E-01   -0.4535177809         8.495287996        -6.069796805         4.585894663        -2.815684378    
     3.774007211                 0        -1.023846097         1.272067805        -1.987681394         11.89789807        -10.34120711         8.840665254        -4.741972826    
     5.214278237                 0       -0.1798841138       -0.9742114747       -0.8978516061         7.582583622        -3.396979114        0.3555836317         1.206084455    
     2.717077859                 0        -2.590377025        -1.462655310       -0.5389910209         10.84645228        -8.103367688         5.848223090        -3.616425855    
     2.224958958                 0        0.7928987092         1.700693267         5.422422003         19.11575875        -19.02975034         15.78717389        -10.83295832    
     3.960127994                 0        0.1880227282        0.6708771071        0.1200333164         10.27886118        -9.963548860         12.52493320        -8.085191274    
     6.050482263                 0        0.9839996606         1.774667223        -3.850601420         5.105347375         4.781527593        -10.98911439         8.804556496    
     3.809142818                 0        -1.122155484         1.721527447        0.5173197723         15.08783976        -15.61639219         14.69969163        -8.482799980    
     4.793757187                 0       -0.1129272391       -0.1032293062       -0.8905181401E-01     13.63338369        -12.21310600         10.41366264        -5.783459061    
     4.013542242                 0       -0.5155828386        -1.223371249         1.156952593         16.64248284        -16.69439592         13.52763706        -6.566846868    
     5.404891634                 0        0.5724343404         2.560259503        -2.153728030         10.57039919        -7.187787489         3.824376817       -0.5970851258    
     5.768065348                 0         1.316072933        0.9148934313        0.2383753094         12.50930058        -7.873306266         3.018312826       -0.1472361642    
     4.032818641                 0       -0.7695361779         2.397454807         5.248686253         22.06266110        -23.62420175         14.88473758        -8.492140065    
     4.378584335                 0        0.4374362311        0.9479590682         3.128838477         13.85441061        -10.54362167         6.912259159        -3.827826908    
     4.834135913                 0        0.1405103929        0.8526047580        0.4902882087         15.52311073        -17.45175607         17.46430664        -10.43681510    
     3.897123152                 0       -0.5147234107       -0.2215842084         2.117189281         15.76750561        -13.73415257         8.874890041        -2.912414328    
     4.863522385                 0         1.727241364       -0.8062250677E-01     3.689595811         17.27718016        -17.34998049         14.92040748        -10.66795749    
     4.716468666                 0        0.2418118905       -0.4186105250E-01     2.611861561         18.42667922        -21.78007080         22.19222870        -13.47896416    
     6.230916301                 0         1.254063624         1.054300145        -3.480471494         4.653311068         5.021911299        -9.635174385         6.601168328    
     4.291627864                 0        0.3495881367        -1.247989791         4.198217092         22.49232190        -28.73487099         29.22014006        -17.25452331    
     3.908433729                 0        0.1635535717         1.194524910        -3.807490909         7.772891702        -1.833413501        -1.868476827         2.438695833    
     5.700339029                 0       -0.5122968818         1.240279640        0.5916954061         10.39149272        -6.616601756         3.670351075       -0.9733503414    
     5.325611472                 0        -1.311425560        -1.059487831        0.1088201685         11.52846678        -5.634502003       -0.1807517806         2.288163660    
     4.966138965                 0        0.1526013272       -0.3820611191         1.309726637         15.55881610        -14.72168153         10.79414270        -4.205173334    
     4.891335747                 0       -0.8297254285         1.092566616       -0.2509844932E-01     14.98603427        -16.39434150         15.86901171        -8.916136826    
     4.587119053                 0         1.418631370        -1.130615989       -0.9572613406         12.95744589        -12.00163702         9.318600869        -3.785843812    
     3.723420012                 0       -0.1607458369E-01    -1.273601001       -0.1977854080E-01     11.13579835        -4.607252287        -1.287582918         2.981928774    
     4.200853216                 0        0.3511005543       -0.5261708643         2.232364278         18.49205963        -20.89519929         20.08659041        -11.71708438    
     3.715718475                 0       -0.2545814715E-01     1.228005399         3.340885565         19.12615850        -21.52752419         20.29726168        -11.56765518    
     4.021083544                 0        -1.095161288        0.2907508732       -0.4560484477         14.56084296        -13.73167562         10.50078030        -4.343108232    
     3.133613874                 0        -1.801266515        0.2046616632       -0.9959868023         12.82078326        -11.17158772         9.570511552        -5.491525259    
     3.691807809                 0        0.2625599382       -0.1461897750       -0.1031994146         14.36685631        -13.70848311         11.37320996        -5.723126935    
     3.890467061                 0       -0.3227394086       -0.8336063364        -1.415044744         11.36788072        -8.235954885         5.023994800        -1.521065557    
     2.608914182                 0       -0.5142076155        0.9448889775         5.680346228         26.00121324        -34.21368502         33.51749503        -18.56863659    
     4.493565755                 0       -0.2567254946       -0.9480337662         1.323840837         14.41249196        -10.45254113         3.898855462        0.8633095882    
     4.470119589                 0        0.5238401423         1.245247452        0.8928835120         15.67573563        -16.29634630         14.49822698        -7.607449638    
     4.502379051                 0        0.6777810863        0.6345858022        0.9717409884         12.52681303        -8.164588510         2.133431072         2.184250938    
     4.715081841                 0        0.8270371332        -1.175398837         1.878522335         14.40164761        -12.77663335         10.10258333        -6.758626619    
     4.263096641                 0        0.1157085577        0.6533137627       -0.3165076772         14.74302159        -15.09702707         13.30426596        -6.772994407    
     2.964097844                 0        -1.117246794       -0.1766141581         3.956332112         21.25123751        -25.54390385         24.64773611        -13.94753278    
     4.062361115                 0        -1.253656283       -0.3308315114        -2.399420490         6.709542102        -3.001831543        0.2865541990         1.522405377    
     3.922074765                 0        0.3534890673        0.2998407518        -4.634814746         6.051119314         1.158715668        -5.148591452         4.452549386    
     2.962950617                 0        -1.144745575       -0.7110145902E-02     1.706163109         17.22543739        -19.95833766         19.78687910        -11.52622219    
     6.590167674                 0         1.850486251       -0.9691367464E-01     1.130289298         12.46149046        -8.428595269         4.119416262        -2.264658852    
     5.994506982                 0       -0.8959794146E-01   -0.1433695660        -1.683041739         9.352127704        -3.268424036       -0.9360757606         1.849920458    
     3.988922278                 0       -0.7944088184       -0.9880975205         1.466657207         10.28336524        -6.883842650         3.942818447        -1.639265693    
     4.465879119                 0        -1.741954938       -0.9556126907E-01     1.620086372         16.30150394        -17.09524734         15.29943006        -8.195217700    
     5.474981052                 0        -1.361670422         1.780374015        -1.794207379         6.992684939        -3.549267154         1.534771769       -0.1109307905    
     4.922609100                 0        0.9690785081       -0.4251939717         1.553604774         16.16020469        -18.95623182         19.07441308        -10.45434257    
     2.190335912                 0        -1.539562389       -0.9261021952         1.744811483         20.42165626        -28.43035291         28.98890435        -17.73658823    
     3.790551875                 0        0.1584572958        0.6169264313        -1.101298813         8.658613127        -6.763579302         6.115771980        -4.695377959    
     5.966294172                 0         2.754570794       -0.7886191766         4.063919428         15.84022581        -18.91380710         24.10752242        -14.33313655    
     5.023135722                 0         1.092990863       -0.9944102740         1.393813402         14.08063084        -10.50171624         3.856053582         1.379596443    
     4.178803188                 0       -0.3968794954        -1.160519166         1.909823422         13.21940299        -11.29396938         8.998986627        -6.124396182    
     4.030675013                 0        -1.514253085        -1.279009097        0.5492666677         11.48941001        -8.134145957         5.267182236        -2.923866590    
     4.470758374                 0       -0.2031577141         1.157891448        -3.146015378         6.677989331        0.2452053015        -4.863818671         4.391931876    
     2.549668167                 0        -2.040702741       -0.7750879733         3.773082322         22.80778734        -30.58756392         31.69404054        -18.44481848    
     3.992290587                 0        0.1858574681        -1.269926627        -1.412064502         7.332803448        -4.163773666         2.657056190        -1.543129457    
     5.547905747                 0         1.247292515       -0.3622920913       -0.8241862926         8.612340520        0.6908114066        -9.047195062         9.046951515    
     4.651932118                 0        0.8797240831       -0.8819860348        -4.237563607         9.417698468        -1.127215140        -3.147498794         2.470240145    
     2.986079694                 0        -1.930164505        -1.505393719         1.498457767         12.45001177        -9.629912373         6.953288152        -4.391435963    
     4.336208611                 0        -1.053920640         1.055593804        0.2927426346         15.48193692        -14.87102341         9.575428045        -5.746893498    
     3.939640119                 0        0.2847515019E-01    0.6977073653         1.959920179         11.84685383        -10.15769396         8.329351798        -5.513965734    
     3.640558392                 0       -0.4882510970       -0.1606358972E-01     6.801440563         24.49019856        -31.05646398         26.66228473        -13.71755795    
     6.013056682                 0        0.6858849431        0.4121877142         5.414742053         15.29106184        -13.68274581         10.24426506        -5.876618598    
     4.282870821                 0        0.7593563562        -1.344918003       -0.5150886831         6.864557172       -0.6450244930        -6.309282038         7.181119671    
     3.057054530                 0        -1.487548559       -0.3809257593        -1.783505494         8.964212674        -5.060682483         2.622860995        -1.112636424    
     3.295778654                 0        -1.398208187        0.9431176732         4.605666583         22.51292496        -27.20399119         24.82107450        -12.81334537    
     3.118526836                 0        -1.009869445        0.1180463041        0.4192141673E-01     14.61531922        -15.03724326         12.89428528        -5.819151873    
     6.088713519                 0       -0.3759643255         1.484979090       -0.4978224908         10.12799520        -7.062974619         5.178150576        -3.594409794    
     2.544364085                 0        -2.493157877        0.1244867931       -0.3997856029         14.87928618        -14.62327530         9.901814928        -6.012852088    
     6.298932333                 0         1.870934746       -0.5451040948        -2.570708537         6.968634190         1.517046781        -7.763047372         7.208360075    
     5.351680053                 0        0.1332237326         1.003280828         1.405295844         14.97504138        -14.15828100         11.67086768        -5.800310117    
     6.096099307                 0       -0.1741763215        -1.575562555       -0.1980653229         10.13054561        -2.817963332        -4.627514865         6.247193956    
     4.477525148                 0        0.1738028465        0.4432638163        0.6823769225         15.31072581        -15.36142036         13.78306845        -7.749867183    
     3.922671087                 0        -1.424185661       -0.4738912422         2.223501632         14.38690270        -15.27170715         17.99708890        -11.39339809    
     3.223981988                 0        -1.070022724        0.8973568005        -3.001444034         7.095182246        -2.854448243        0.2473568581         1.398914102    
     5.376312048                 0       -0.7872842952        0.5125496297        0.2699993980         14.94449548        -14.76294071         12.03889177        -5.545941203    
     4.336244943                 0        -1.055670439       -0.9394519150        0.4933312113         16.02036660        -16.43094818         13.98941579        -6.859214558    
     4.781963500                 0        0.5103283049E-01     1.560530090        -4.206334359         4.260088504        0.6268398858E-01    -1.925448039         2.294771871    
     4.259645012                 0        0.1218797927       -0.3776837683       -0.4244644756         12.52837146        -9.547042487         6.310222566        -2.677476852    
     4.661008915                 0       -0.2880294406         1.208429344         3.089772123         17.51675382        -18.19912972         13.99092172        -6.852046942    
     5.928824790                 0       -0.4885695616        0.5332659137       -0.8489802831         11.75423692        -9.038242987         6.731040097        -3.391350229    
     3.705827882                 0       -0.3130569709        0.4093018763         1.868499554         24.20181447        -29.46504954         27.62942205        -13.35300275    
     4.920359648                 0       -0.4867730252        0.8457258507        -1.012827373         8.290509631        -2.932849596       -0.9872499630         2.975857635    
     3.153314511                 0       -0.5927553511       -0.8221428564       -0.9897121843         10.16897459        -7.002613753         4.619285696        -2.634233540    
     4.397132539                 0       -0.7531977015       -0.3862775265       -0.7678775840         13.35071531        -13.37979650         13.43698440        -8.447960048    
     4.634354871                 0        0.3031430390        0.4855240751E-02    -2.177193680         5.302493908        0.2957001874        -4.754413082         4.371166716    
     4.295834102                 0        -1.010885938         1.002637654       -0.8584206013         14.18894538        -13.97547136         12.28394241        -6.490129069    
     4.180579708                 0        0.2889981418         1.540849415        -1.987609107         9.319291502        -4.560518073         2.303668005        -1.109716418    
     5.027377652                 0        0.6689319845        0.3610472492E-01     3.050470708         15.07369768        -12.89116125         9.406368586        -5.734855741    
     5.208969551                 0         1.270387783        -1.169131666        -2.623840620         7.597467874       -0.9855983981        -3.986138423         4.105246775    
     3.463987976                 0       -0.5066383826        0.6134740047        -1.129532373         8.851523795        -5.319065290         3.627087592        -2.396092255    
     5.898058020                 0         1.556413927         1.335828049         2.003576572         12.33894677        -10.82143538         9.149248044        -3.324313203    
     5.597139621                 0        0.9448373408        -1.718077529         5.449033469         15.87874733        -13.35092746         9.712311352        -6.099797786    
     2.333537155                 0        -1.719226705         1.320546287         3.410794069         16.55813585        -21.05903078         29.83000276        -20.14153898    
     4.935385361                 0        0.4739592572        0.1293836484         1.134424622         15.03019381        -13.25072062         9.474358337        -3.987390147    
     4.760732757                 0        -1.617533921        0.5163281477         1.990689189         17.59749593        -20.53163869         19.90714327        -11.14632570    
     4.318075977                 0        -1.602550539       -0.7021194720E-03     2.163768808         18.19351560        -21.52521811         21.35685944        -12.39541718    
     5.071789303                 0        0.4207845868         1.558890788        -3.195155346         7.420842118        -1.057399157        -2.964727505         3.414415875    
     5.248475293                 0       -0.5672228225       -0.2196039200        -2.190358888         10.67484431        -7.594337875         5.240431658        -2.403825197    
     4.229702741                 0        0.6112464892         1.196708181         1.733224217         11.93410938        -10.83132491         9.508222653        -6.732430786    
     5.648958116                 0       -0.3452247184        -1.371132262         2.835970056         15.97623467        -17.48417777         16.72706889        -8.910631430    
     3.089290182                 0        -1.663882378        -1.893811158         3.714354017         20.56990371        -25.44071900         25.53103290        -14.83026773    
     4.696390729                 0       -0.1596883282E-01   -0.7536144393        -3.389477775         4.782599269        0.7725918845        -4.387054107         5.326547321    
     3.500587597                 0       -0.5813658588       -0.5311670910         3.308951975         18.07532390        -17.57099103         12.85514178        -5.216419458    
     4.183638056                 0       -0.8379547454       -0.2946587729        -1.468818069         7.419687769        -4.367275063         3.524411100        -1.796154703    
     3.972627406                 0        -1.753255572        0.1497183074         2.601991696         18.44246991        -17.07008160         10.30772525        -4.396310671    
     3.738848993                 0       -0.4726693578        0.6796363010        -4.003030591         5.076093044         4.247844206        -6.710086461         5.704089147    
     2.919055178                 0        -1.633109838         1.564115212       -0.2538909101         11.64310919        -10.41114233         10.01522090        -7.403633494    
     3.371626304                 0       -0.6979773851        0.7541007162        -2.069457214         11.99894987        -10.80203948         9.208275618        -4.698904264    
     2.715567027                 0        -1.381887817        -1.611191795       -0.3581979148E-01     11.80920322        -13.41181392         18.14594068        -11.92942216    
     4.198262702                 0        -1.106744313        0.7655706767         1.467958843         17.12890809        -21.06359387         22.63603883        -13.49241079    
     4.086408810                 0        0.1531342988       -0.4738790340E-01    -3.041076124         10.39476238        -7.218181605         3.654648973        -1.726702059    
     4.843113322                 0       -0.8253643760         1.035167377       -0.1196541006         9.365633332        -4.900289764         1.681708296        0.2014488967    
     3.993475618                 0       -0.4743777673        0.3666770699        0.3107405410         11.27340644        -9.049184739         7.444204771        -5.460293220    
     5.197025745                 0        0.1296598114        0.7096789455        0.3176574609         16.43618678        -19.35359132         19.32779525        -11.17561328    
     4.487453521                 0        0.1841111788         1.021851578         2.357100677         18.96553686        -21.04165091         14.82499170        -9.441677845    
     3.441851000                 0       -0.5207440486        0.5478672942        -1.797790124         8.289532745        -5.121700964         4.203116279        -2.151296635    
     4.754143573                 0        0.4533957296        -1.773017797        -5.656810620         4.047514421         5.259125085        -10.45813831         8.073262702    
     5.330100129                 0         1.054791616        0.1203357706        0.7783156582         9.709626027        -4.900085213         1.209912641         1.108700124    
     4.854578909                 0        0.8436563409       -0.6025505604        0.6738165010E-01     11.37423124        -9.978499424         10.19635627        -5.840270525    
     3.324056361                 0        -1.386914682       -0.1501257337        -1.747758539         11.26902253        -9.166569655         8.634523275        -5.791813781    
     4.961798560                 0        0.5268303274        -1.193527350        -1.148001540         8.706004977        -5.279736705         3.803701409        -2.336047376    
     4.745677282                 0       -0.9712778321       -0.7126232614       -0.3978868297         10.91223275        -11.89579448         16.04401286        -10.64095812    
     4.988399927                 0         1.306771768        -1.081966882        -4.702487957         5.625177296         1.637265001        -6.949864870         6.277291513    
     5.009786207                 0         1.302287678        0.1119115626        -4.084926690         3.537114586         2.235142750        -3.916510402         3.624326237    
     4.082287223                 0        0.7032624999        0.1846112891         2.727398721         20.22554795        -22.28986827         14.74140084        -8.665529165    
     5.450676737                 0       -0.4232036456         1.586453946       -0.1090756727         11.92029733        -10.17412504         8.183481286        -3.834271975    
     4.641375069                 0        0.9550275935E-02    0.1053601273        -2.668763915         9.002068911        -5.079079944         1.673838238        0.6444663253    
     3.792320084                 0        0.5075750218E-01    -1.126136126         2.538232446         16.56217034        -15.57107600         11.51504889        -4.786551207    
     4.192600209                 0        0.6456923956        0.1179354479        0.3595621317         12.73307978        -10.87128463         7.495354694        -2.367871656    
     5.482730724                 0        0.7483397812        0.2220263759        0.3008826268         13.73203870        -13.03075771         11.35730626        -6.105307008    
     3.935118298                 0        0.9776764707       -0.1664238550E-01   -0.5594012877         12.87405806        -9.935044024         6.431657218        -2.656961915    
     6.281981830                 0         1.239992315        0.4902110445        -1.861550938         6.694733310        -2.741073626         1.626244175       -0.9730831580    
     5.075986414                 0         1.513337198        -1.530228994        -1.388524659         6.151590932        0.9140383876        -5.667811117         6.675204660    
     4.599241807                 0        0.8404346923       -0.7926287846        -2.531207562         6.381426857        -3.196204005         2.212526883       -0.9795486540    
     4.553099884                 0       -0.9413011100E-01    0.5596929464         2.126906458         19.34941362        -24.70529295         24.92444617        -14.21016122    
     3.494477571                 0        -1.485074824        0.3209092370E-01    -1.440877179         11.53021845        -12.16109443         13.91172454        -9.146599795    
     4.254732546                 0        0.4034845816        0.5552655431        -3.569524916         5.994339289        -1.214790538       -0.6283019455        0.8806679619    
     2.643735348                 0        -1.661785315        0.4617562210E-01     2.571338876         18.44042292        -21.52090070         20.69277643        -10.90347470    
     4.441064688                 0       -0.1238540670       -0.1182787494        -2.226936547         9.907265902        -4.814071160        0.4194665603         1.679100849    
     3.684016220                 0        -2.255014718        0.7325410677        -3.578590940         5.952515235         4.529641935        -12.10582708         10.48884886    
     5.325558427                 0       -0.2019958636         1.157988917        -3.731280500         7.141112006         7.437419562        -17.54168984         12.82709071    
     4.532147548                 0        0.4893778388        0.5982065308        -2.304230601         6.638849917        -3.731459502         2.634874873        -1.694946069    
     5.037758784                 0       -0.2882128359       -0.1353722861       -0.6572958305         12.33877695        -9.271167843         5.847242746        -2.247288818    
     6.062923264                 0        0.6833411849        0.2347959776        0.4213653115         12.14087627        -8.668329459         3.834958258        0.3644406427    
     6.103074373                 0        0.7305801856       -0.8087359012        -4.776280718         4.320673306         3.756145266        -7.033496748         5.133377040    
     4.983852657                 0       -0.3171470749       -0.5429887483         3.949547431         20.66056361        -26.46704668         27.64779527        -15.75758401    
     5.358206561                 0         2.483385648        0.8668975297         1.013813378         14.51924376        -14.44667962         13.27542055        -7.634827012    
     2.387352528                 0        -1.584378668       -0.4261776207E-01    0.6498805818         16.41842309        -17.79547377         17.02307324        -9.968092586    
     3.314960716                 0       -0.4375807564       -0.3168113195         3.023662923         19.60188326        -22.44054920         20.64321795        -11.06089497    
     5.626157404                 0         1.698727717        0.1979219533         1.343330713         15.97868615        -16.56140283         14.31187972        -7.288350537    
     4.787749490                 0       -0.2857414888        -1.012776589       -0.2087015550E-01     11.43509769        -9.897786250         9.163313200        -4.305925554    
     3.873037513                 0        0.1350801953       -0.1681010111        0.9049642150         9.594141781        -5.561687851         2.108341600        0.3095303864    
     4.458814304                 0        0.1341576397        0.3513169897         2.772342115         17.35652087        -20.41151256         20.87593047        -11.87971115    
     4.618976023                 0        0.1123501054        -1.689242656         1.947311867         17.85714548        -19.73351730         17.71554251        -9.313510411    
     4.411563909                 0        0.5334253339        0.2776542525        -4.781626151         2.057025910         4.970065978        -11.19253613         9.077139619    
     6.319074082                 0        0.6903906224         1.149635467         1.288521049         12.65112214        -7.370744605         1.544297241         1.315155850    
     3.049125047                 0        -1.433524938       -0.1004829289        0.4160308057         13.03545949        -12.55036094         11.97202966        -9.735988919    
     5.636198190                 0        0.3774965912E-01   -0.5587815327       -0.2649438927         8.909282088        -4.621294195         2.104316586       -0.6370118964    
     4.618898264                 0        0.3998881718       -0.3312438546        0.8107192857         11.71203725        -8.681924613         6.073524808        -3.753857724    
     5.349489484                 0        0.9021206441       -0.9453919193        -2.501721190         7.986988568        0.2338188042        -6.813798810         6.610444098    
     4.108621243                 0         1.443901992       -0.1065822819       -0.6135999048E-01     12.73507650        -15.35355587         21.76475850        -16.16564470    
     4.886227646                 0        0.8538855575        0.1840081188E-03   -0.9888399331         12.36822369        -10.12587197         7.413893228        -3.394883820    
     3.968904532                 0       -0.9971986996        -2.787300511         1.576550685         17.68371174        -20.63948152         20.11249030        -11.47491209    
     4.401126663                 0       -0.1859441993         1.542985965       -0.5462838324         8.521964020        -4.065009448        -1.257007796         4.350478115    
     3.613540048                 0       -0.7456337875         2.448011034         1.422040456         17.60418320        -21.44856338         22.49493220        -13.73818174    
     4.532498610                 0        0.3002376919        0.3635888623        -3.104368553         7.429719404       -0.5676152906E-02    -4.820972679         4.461554462    
     5.125058187                 0       -0.6819866155E-03    -1.998312208         1.101663832         10.74510462        -9.918170027         10.64348643        -5.485019452    
     4.641480774                 0       -0.2027165661        0.3982690132        -1.477660582         11.46547809        -8.202596791         4.808920869        -1.367493980    
     2.801689129                 0        0.3421275208E-01    -1.055764744         2.845935609         15.59033549        -19.50830044         26.71112850        -17.29464411    
     5.310755273                 0        0.8545660202        0.2779531935        -4.989203678         3.548937197         7.600075191        -15.01362150         12.24919511    
     3.636429381                 0        -1.370049646         1.342834497         7.178885067         25.20345631        -28.47174351         17.95347105        -9.954740210    
     2.961372315                 0        -1.364782887        -1.260528028        -1.067904421         10.52076163        -7.395249036         4.785512581        -1.854056936    
     2.457874166                 0        -1.581148475       -0.8888212500         5.814275439         25.25984564        -33.79826116         34.66158675        -20.20433827    
     4.382876074                 0        0.1752565986         1.634917874       -0.2536751897         13.86871912        -12.53198620         9.059881063        -3.337452998    
     3.834290090                 0       -0.3039202811        -1.219819237         3.527926777         15.51618107        -18.10702923         22.61257785        -13.16584498    
     5.810394573                 0        0.1354032598         1.347980778        0.8811047009         15.52769787        -17.00569022         15.44511473        -7.431544128    
     2.795254504                 0        0.1808165466        0.6895085836       -0.2398475234         14.69266399        -14.06210784         10.26180034        -3.498103589    
     5.075034201                 0         1.443079409        -1.398128018        0.8654532093         18.57061813        -16.97158367         13.18664269        -5.816857481    
     5.463421700                 0        0.2541740553        0.8067640455E-01    0.6478728794         14.05967561        -11.68079120         7.979895972        -3.238945441    
     5.622200423                 0         1.421837049        0.5359101376         2.658218082         12.90351926        -11.98975021         11.14036661        -7.332391155    
     2.471091590                 0        0.2129615297       -0.5342790279E-01     3.049037524         23.04924292        -29.85262307         23.16415602        -15.65623552    
     3.274209281                 0       -0.4586819039        -1.777787927         2.975846432         13.91809193        -11.42930243         8.490162678        -5.425143442    
     2.653372730                 0        0.4285573783        0.8969540074       -0.8760580659         11.03228650        -10.36593071         11.27642304        -6.603112513    
     3.567729094                 0       -0.7742429980        -2.016828768         2.578025502         19.53855321        -23.99068068         24.56008649        -14.82792592    
     4.715989516                 0        0.1677233232       -0.2454460448         2.209211323         14.99479649        -15.11949389         12.52787120        -5.340074810    
     5.722071171                 0       -0.5325007261E-01   -0.4953847006        -4.981292875         7.232572740        -2.730528016         1.474618787        -1.124168632    
     4.200883136                 0       -0.9309149705       -0.8275333693E-01    -2.837814711         9.677193975        -6.454609406         4.893536326        -2.619849187    
     4.719575823                 0       -0.1685784126E-01    0.7865716255       -0.4401241074         10.61522360        -7.607515113         4.551197586       -0.2226383342    
     4.230143716                 0        0.6682175885       -0.9389234542E-01     2.179473470         17.36532662        -17.23134707         11.20669199        -6.837809353    
     5.694060294                 0         1.193563989        -1.313529493         3.018401457         16.40379104        -15.06439529         11.25153158        -5.122913469    
     4.440481559                 0       -0.3624096799        -1.844201807       -0.3641217112         8.731215359        -5.169409988         2.263329474       -0.4551125651E-01
     5.631481723                 0         1.701122950        -1.633012088        0.4509176943         10.36270921        -6.435080250         3.174961367       -0.8895697413    
     5.241308849                 0        0.9728784750       -0.9501933998        -3.369511047         4.290722182         4.221281157        -12.66701686         11.78653869    
     4.887031837                 0        0.6412346246       -0.7742480481       -0.4028146061         13.63067429        -12.78452813         11.49853648        -6.674832427    
     3.325959961                 0       -0.2029567670       -0.8668851713         1.817577811         14.27001763        -14.21176129         13.45796183        -10.68617685    
     5.780906905                 0        0.2341752089        -1.536087865        0.9508347454         14.62454168        -14.41880237         12.58642556        -6.723870907    
     4.537401769                 0       -0.2989644500       -0.4386616281         3.677605137         16.43531904        -19.20631154         23.91076530        -15.64715074    
     4.072705784                 0         1.986228005        -1.591770814        0.9777370069         13.57343571        -12.38998538         9.965968774        -4.496892841    
     6.399834316                 0         1.992616668        0.4295723210        -3.060088327         4.346174779         7.999936740        -18.36428364         14.74989938    
     2.906893903                 0        -2.182483043       -0.8971452291        -1.709506020         16.29735927        -16.32569215         15.84043078        -8.681338165    
     4.442197102                 0         1.164820411       -0.1715551632         2.526067111         17.89271409        -19.39425458         17.95570967        -10.28825526    
     4.119008981                 0       -0.6462016688        0.2650825420       -0.4035018020         13.98140111        -13.73945823         12.24177914        -6.557152692    
     4.683893745                 0        0.8210631267        0.6706672345        0.2365676799         7.816687037        -3.007798625       -0.7963948307         2.849504098    
     3.845913634                 0       -0.6693660876       -0.9788851689        0.5428598828         9.510521940        -6.224109445         3.945695495        -2.104576579    
     5.598228094                 0         1.129655198        0.4295890656        0.3418147868         11.76399070        -5.714319958        -1.224832815         3.983587950    
     4.147869210                 0        -1.431469499        -1.113193655        -2.724800652         9.879547244        -6.084252408         2.554250908        0.1751118685    
     3.107948904                 0       -0.5513060325        0.2607906124       -0.2579834331         13.07953026        -11.86218861         9.440871751        -4.292772720    
     6.110314304                 0         1.077836771       -0.3597238625         4.215809471         18.65362564        -19.41730690         13.62615345        -5.636453625    
     2.979750619                 0       -0.4072189629       -0.4929929317         1.067879288         17.76711878        -19.15572716         16.45556614        -8.145216837    
     5.076511826                 0       -0.5332300027       -0.2560795772         1.413067021         14.50218437        -13.35125482         9.619226220        -3.356145741    
     3.267325189                 0        0.2124271489        0.4311016578        0.5250270467         12.25785890        -10.99186798         10.19499039        -4.855034997    
     3.432507009                 0       -0.2640636494        0.3820693434       -0.7297531076         13.52743019        -13.55573215         13.54137967        -8.649960206    
     4.373153057                 0       -0.9622105568       -0.2121841357         3.722282808         22.23382678        -29.30480152         31.53595364        -19.79003461    
     5.195540878                 0         1.577163025        0.3599063320         2.086815659         16.75586281        -17.09755359         13.95758308        -6.413642140    
     3.540072800                 0       -0.4153381087         2.420676205        -2.547017410         8.863327147        -3.910763946       -0.5049457074         2.434934972    
     5.293119150                 0        0.7283027460       -0.6771216183        0.5009761812         15.05794746        -14.16379285         10.87258294        -4.783580062    
     3.446740709                 0        -1.156128725       -0.1109007951        -3.782244894         7.918527537        -4.663280565         3.620682604        -1.923391110    
     4.227521427                 0       -0.8423963305        0.9084721335         3.004239569         18.91210922        -19.91394761         12.91353572        -7.511741874    
     4.064401324                 0        0.5029639908       -0.2231507600       -0.7102022847         8.504546427        -5.681918454         3.874522061       -0.8188267937    
     5.441002054                 0        0.6116347150        0.8541954989       -0.3272409071E-01     12.36820006        -8.242581048         2.968956247        0.7636592447    
     4.615568969                 0        0.9383235059E-01    -1.242172235        -1.931450917         10.80684649        -7.592081329         5.142475138        -2.436437078    
     3.573657157                 0        -2.042868696        -1.938127823        -5.074187865         2.867079183         2.346657367        -5.160477965         3.526417062    
     3.947325605                 0       -0.2564849764        0.2276359906        0.6756198655         10.50954377        -6.564858810         3.518013878        -1.297470394    
     5.578011160                 0        0.8981695594        -1.127420870        -2.387095321         8.745898196        -1.700253028        -4.579278906         5.530615548    
     3.323600882                 0       -0.9540433544       -0.5334481553         5.098442523         22.82675670        -28.71598331         28.94415056        -17.11131389    
     3.110806130                 0        -2.078927000        0.4982949432        -2.481149167         9.303476835        -6.072825173         3.855411234        -1.327661415    
     3.980833612                 0       -0.4329225453        0.6817247470       -0.3869650054         13.62284143        -12.52645592         10.05128376        -4.741084075    
     4.361100808                 0        0.6457603396       -0.2543611585         2.212440860         17.27033033        -18.40844444         15.89605354        -8.034708593    
     3.554058114                 0       -0.1858208899        0.1437417994       -0.2223246655         14.05326606        -14.29623915         12.32872130        -7.053479461    
     5.437420700                 0         1.275020941       -0.4724524219         2.482757929         12.84727506        -10.15510417         7.673085155        -4.234084116    
     4.960471965                 0        0.5201703228       -0.4404926037        -6.098457043         3.364385138         5.035726995        -7.697534043         4.616004086    
     3.432449806                 0       -0.8062548961E-01    -1.293861759       -0.2059388005         8.603692947        -4.735109454         2.071190165       -0.4660062892    
     4.482945941                 0        -1.012401321        0.1328591039       -0.7465928057         12.82957552        -10.78009894         7.773967598        -3.271623963    
     5.185350123                 0        -1.439742485        0.5096481623        -1.170803346         9.561044890        -3.501233374        -1.121971142         2.257205288    
     6.204484426                 0        0.2651220654        0.3798973435         3.364102381         18.02955660        -18.81264586         16.05876091        -8.324006153    
     3.145823242                 0       -0.1822239881         1.750392758       -0.9748472768E-01     11.17135753        -8.965196543         7.190312101        -5.039621815    
     4.631481727                 0         1.196726541       -0.3308836374       -0.4747388811         12.73983186        -10.65916385         8.558793753        -4.588026389    
     4.818268977                 0       -0.2290882876       -0.3403061294         1.766185605         15.63305719        -14.01709901         9.729908286        -3.758011753    
     5.408041636                 0        0.7625213999         1.139347475        -3.214364438         8.329980278        -2.957968394       -0.1580938736         1.016652967    
     3.972867860                 0       -0.7015963786        0.4065745201        0.5503034719E-01     11.96772764        -6.757636747         1.376692716         1.280407860    
     4.395658507                 0         1.344194114        0.3671211566       -0.1250153064E-01     11.70799570        -10.21509570         9.455371972        -4.532339633    
     4.922726517                 0        0.5670593900         2.151085709         1.606783428         17.11851365        -19.90931559         19.29334809        -10.73355524    
     4.112637140                 0        0.8135332061       -0.9277182889         2.465865694         17.75443039        -18.42277418         15.32937508        -7.491119028    
     4.050771505                 0        0.5954410882       -0.2806231714        -1.298457507         11.87135436        -8.820974488         6.308177475        -3.311449839    
     4.647736942                 0        0.3173109525        -1.759789194        -2.042440229         11.19678786        -8.805987990         6.393748161        -2.736838602    
     5.012575270                 0         1.335189909        0.1855110049        -1.217327228         7.982363907        -3.537607222         1.450549437       -0.5732603361    
     3.845541487                 0       -0.5025089579        0.1090831481         2.263250421         18.30850355        -21.42756034         20.77708568        -11.68415249    
     3.801471483                 0        0.7225131713        -1.122866596       -0.5796602526         8.997231222        -6.210965604         4.386428383        -2.692443247    
     5.278127115                 0       -0.6350208378        0.2240152874        -1.422963556         10.78665070        -6.986923481         4.429131393        -1.974658851    
     4.044487154                 0       -0.6067208528       -0.7747988269         6.892928229         21.48739503        -23.16499290         20.71195107        -15.22823574    
     5.083152206                 0        0.5124065567       -0.1691370099E-01   -0.8752047440         11.85584266        -9.758433235         8.057713249        -4.346244246    
     5.212084678                 0         1.260881887       -0.7991534443         4.625389728         18.61631079        -19.10579944         13.84186698        -4.415816359    
     6.151815150                 0        0.2959380426E-01    0.2815872502        -3.348460070         7.123812049        0.4360625644        -5.436297990         4.822943675    
     4.931695954                 0        0.7502870018         1.228392887         1.594607040         17.66417643        -20.00390919         18.97607249        -10.63952285    
     5.279853811                 0        -1.058001280       -0.6268449201        -1.805121359         8.901951491        -6.250515124         4.889855342        -3.377858652    
     2.856685227                 0       -0.9953853599        -1.209865789         6.128834760         33.97972131        -51.52963448         53.90268624        -31.12580048    
     3.910721695                 0        0.3037966312         1.293959307         2.837798616         13.81191493        -11.08398574         7.747298226        -4.495037416    
     4.509748309                 0        0.4301050336        0.9899875362        -1.745360548         10.58808694        -8.392014092         6.413368060        -2.926888825    
     4.664997390                 0        0.4649443457E-01    -1.092782378         2.920599068         12.61972849        -10.73139252         8.657697115        -5.796245334    
     4.906278227                 0        0.9498259469         1.018715776         3.422817968         18.88666437        -23.26801840         23.85277092        -13.38631832    
     3.013393277                 0        0.1504456524       -0.4936414230         3.791983515         21.75296451        -27.14305614         26.58477477        -14.94662860    
     3.791882607                 0        -2.158337745         1.910828474         1.779761131         11.93378003        -11.05215722         10.34665692        -7.964478739    
     4.677554266                 0       -0.3300790226        -1.142841760       -0.5062271951         13.21186353        -11.37454896         7.240161675        -2.687572322    
     4.122375470                 0        0.7981555189        -1.276974590         1.151927860         12.44666068        -10.92142560         9.617558072        -4.115638433    
     4.024959053                 0       -0.4182693863       -0.5729601031E-01     2.635743593         12.60881130        -12.34753692         12.12951218        -9.680200129    
     4.781388019                 0        -1.134590335       -0.1247016343         1.630156898         9.846481291        -5.913874478         2.459729688       -0.8457782405E-01
     6.013948104                 0        0.1778182686        0.7281798228        -1.592973603         10.18993654        -2.750874256        -4.545732575         5.693839539    
     5.868698104                 0        0.8357849920        0.1006952351        0.5491624870         9.565559857        -6.868056657         4.900289965        -2.872027582    
     5.423803979                 0        0.7973465169       -0.1042865170        -3.702829939         6.612983362         1.240259578        -4.297209708         4.174395302    
     4.800850786                 0         1.079037812       -0.1905197164       -0.2419409277         8.164236757        -4.137548796         1.022237560        0.8105390205    
