1.5825
1.5875
1.5925
1.5975
1.6025
1.6075
1.6125
1.6175
1.6225
1.6275
1.6325
1.6375
1.6425
1.6475
1.6525
1.6575
1.6625
1.6675
1.6725
1.6775
1.6825
1.6875
1.6925
1.6975
1.7025
1.7075
1.7125
1.7175
1.7225
1.7275
1.7325
1.7375
1.7425
1.7475
1.7525
1.7575
1.7625
1.7675
1.7725
1.7775
1.7825
1.7875
1.7925
1.7975
1.8025
1.8075
1.8125
1.8175
1.8225
1.8275
1.8325
1.8375
1.8425
1.8475
1.8525
1.8575
1.8625
1.8675
1.8725
1.8775
1.8825
1.8875
1.8925
1.8975
1.9025
1.9075
1.9125
1.9175
1.9225
1.9275
1.9325
1.9375
1.9425
1.9475
1.9525
1.9575
1.9625
1.9675
1.9725
1.9775
1.9825
1.9875
1.9925
1.9975
2.0025
2.0075
2.0125
2.0175
2.0225
2.0275
2.0325
2.0375
2.0425
2.0475
2.0525
2.0575
2.0625
2.0675
2.0725
2.0775
2.0825
2.0875
2.0925
2.0975
2.1025
